1 0 1 0
2 0 6 0
3 0 29 0
4 0 40 0
5 0 40 0
6 0 34 0
7 0 40 0
8 0 15 0
9 0 40 0
10 0 40 0
11 0 40 0
12 0 13 0
13 0 40 0
14 0 40 0
15 0 40 0
16 0 40 0
17 0 40 0
18 0 40 0
19 0 40 0
20 0 40 0
21 0 40 0
22 0 40 0
23 0 36 0
24 0 40 0
25 0 40 0
26 0 35 0
27 0 40 0
28 0 40 0
29 0 40 0
30 0 40 0
31 0 40 0
32 0 40 0
33 0 40 0
34 0 40 0
35 0 40 0
36 0 40 0
37 0 40 0
38 0 40 0
39 0 40 0
40 0 40 0
41 0 40 0
42 0 40 0
43 0 39 0
44 0 40 0
45 0 40 0
46 0 34 0
47 0 30 0
48 0 9 0
49 0 40 0
50 0 40 0
51 0 40 0
52 0 16 0
53 0 40 0
54 0 4 0
55 0 10 0
56 0 40 0
57 0 37 0
58 0 40 0
59 0 40 0
60 0 40 0
61 0 40 0
62 0 40 0
63 0 8 0
64 0 4 0
65 0 24 0
66 0 32 0
67 0 40 0
68 0 40 0
69 0 8 0
70 0 40 0
71 0 32 0
72 0 14 0
73 0 40 0
74 0 40 0
75 0 40 0
76 0 40 0
77 0 9 0
78 0 40 0
79 0 40 0
80 0 40 0
81 0 40 0
82 0 40 0
83 0 40 0
84 0 29 0
85 0 32 0
86 0 16 0
87 0 40 0
88 0 40 0
89 0 40 0
90 0 40 0
91 0 40 0
92 0 40 0
93 0 35 0
94 0 40 0
95 0 4 0
96 0 14 0
97 0 40 0
98 0 40 0
99 0 40 0
100 0 40 0
101 0 40 0
102 0 40 0
103 0 40 0
104 0 40 0
105 0 3 0
106 0 20 0
107 0 40 0
108 0 40 0
109 0 40 0
110 0 40 0
111 0 40 0
112 0 40 0
113 0 40 0
114 0 40 0
115 0 19 0
116 0 40 0
117 0 34 0
118 0 40 0
119 0 40 0
120 0 40 0
121 0 40 0
122 0 40 0
123 0 40 0
124 0 37 0
125 0 40 0
126 0 15 0
127 0 40 0
128 0 40 0
129 0 40 0
130 0 40 0
131 0 2 0
132 3 6 0
133 5 40 54
134 5 40 54
135 5 40 64
136 5 40 64
137 5 40 95
138 5 40 95
139 5 32 0
140 7 40 0
141 8 40 0
142 8 40 0
143 9 40 0
144 9 29 63
145 9 40 63
146 9 40 69
147 9 40 69
148 9 12 0
149 10 40 48
150 10 40 48
151 10 40 77
152 10 40 77
153 11 40 55
154 11 40 55
155 12 12 0
156 12 40 0
157 14 40 0
158 14 40 12
159 14 40 12
160 15 40 72
161 15 40 72
162 15 40 96
163 15 40 96
164 16 40 126
165 16 40 126
166 17 40 0
167 17 40 86
168 17 40 86
169 20 20 0
170 20 40 115
171 20 37 115
172 21 40 106
173 21 22 106
174 22 22 0
175 22 40 0
176 25 40 65
177 25 40 65
178 26 30 0
179 26 40 0
180 27 40 0
181 30 40 3
182 30 40 3
183 30 40 84
184 30 40 84
185 31 31 0
186 31 40 47
187 31 40 47
188 31 33 0
189 33 38 0
190 33 40 66
191 33 40 66
192 33 40 71
193 33 40 71
194 33 40 0
195 33 40 139
196 33 40 139
197 34 34 0
198 35 40 6
199 35 40 6
200 35 40 46
201 35 40 46
202 35 40 117
203 35 40 117
204 36 40 26
205 36 40 26
206 36 40 93
207 36 40 93
208 36 40 0
209 37 40 23
210 37 40 23
211 38 38 0
212 38 40 0
213 38 40 57
214 38 40 57
215 38 40 124
216 38 40 124
217 38 39 0
218 38 40 0
219 40 40 43
220 40 40 43
