1 0 3 0
2 0 89 0
3 0 35 0
4 0 89 0
5 0 70 0
6 0 39 0
7 0 18 0
8 0 32 0
9 0 89 0
10 0 67 0
11 0 89 0
12 0 44 0
13 0 89 0
14 0 23 0
15 0 86 0
16 0 89 0
17 0 89 0
18 0 2 0
19 0 50 0
20 0 89 0
21 0 19 0
22 0 23 0
23 0 89 0
24 0 20 0
25 0 41 0
26 0 30 0
27 0 89 0
28 0 89 0
29 0 89 0
30 0 61 0
31 0 5 0
32 0 89 0
33 0 55 0
34 0 86 0
35 0 19 0
36 0 55 0
37 0 89 0
38 0 89 0
39 0 89 0
40 0 37 0
41 0 9 0
42 0 53 0
43 0 76 0
44 0 1 0
45 0 89 0
46 0 32 0
47 0 54 0
48 0 13 0
49 0 32 0
50 0 76 0
51 0 89 0
52 0 16 0
53 0 89 0
54 0 48 0
55 0 53 0
56 0 89 0
57 0 89 0
58 0 9 0
59 0 52 0
60 0 89 0
61 0 47 0
62 0 14 0
63 0 89 0
64 0 89 0
65 0 47 0
66 0 89 0
67 0 89 0
68 0 49 0
69 0 89 0
70 0 88 0
71 0 38 0
72 0 89 0
73 0 0 0
74 0 59 0
75 0 50 0
76 0 89 0
77 0 89 0
78 0 17 0
79 0 52 0
80 0 37 0
81 0 72 0
82 0 34 0
83 0 38 0
84 0 89 0
85 0 89 0
86 0 89 0
87 0 89 0
88 0 89 0
89 0 89 0
90 0 89 0
91 0 28 0
92 0 89 0
93 0 16 0
94 0 89 0
95 0 36 0
96 0 89 0
97 0 89 0
98 0 24 0
99 0 89 0
100 0 33 0
101 0 89 0
102 0 37 0
103 0 38 0
104 0 12 0
105 0 89 0
106 0 80 0
107 0 22 0
108 0 89 0
109 0 14 0
110 0 31 0
111 0 12 0
112 0 4 0
113 0 75 0
114 0 39 0
115 0 57 0
116 0 89 0
117 0 89 0
118 0 35 0
119 0 23 0
120 0 89 0
121 0 89 0
122 0 8 0
123 0 89 0
124 0 89 0
125 0 42 0
126 0 89 0
127 0 70 0
128 0 89 0
129 0 89 0
130 0 10 0
131 0 89 0
132 0 89 0
133 0 64 0
134 0 89 0
135 0 89 0
136 0 89 0
137 0 89 0
138 0 0 0
139 0 42 0
140 0 89 0
141 0 51 0
142 0 89 0
143 0 89 0
144 0 89 0
145 0 64 0
146 0 30 0
147 0 89 0
148 0 89 0
149 0 21 0
150 0 27 0
151 0 89 0
152 0 53 0
153 0 89 0
154 0 6 0
155 0 89 0
156 0 89 0
157 0 9 0
158 0 38 0
159 0 28 0
160 0 89 0
161 0 35 0
162 0 89 0
163 0 4 0
164 0 89 0
165 0 11 0
166 0 89 0
167 0 1 0
168 0 6 0
169 0 89 0
170 0 26 0
171 0 89 0
172 0 34 0
173 0 45 0
174 0 3 0
175 0 0 0
176 1 33 73
177 1 40 73
178 1 89 138
179 1 9 138
180 2 77 44
181 2 72 44
182 2 89 167
183 2 89 167
184 3 58 18
185 3 62 18
186 3 89 0
187 5 70 112
188 5 63 112
189 5 89 163
190 5 89 163
191 6 58 31
192 6 60 31
193 7 27 154
194 7 16 154
195 8 89 0
196 8 10 0
197 9 73 122
198 9 76 122
199 9 18 0
200 10 12 0
201 10 89 41
202 10 89 41
203 10 74 58
204 10 64 58
205 10 89 157
206 10 89 157
207 10 18 0
208 10 11 0
209 11 89 0
210 11 18 0
211 12 15 0
212 12 12 0
213 12 74 165
214 12 18 165
215 13 89 104
216 13 89 104
217 13 66 111
218 13 63 111
219 13 89 0
220 14 65 48
221 14 70 48
222 15 89 62
223 15 89 62
224 15 61 109
225 15 25 109
226 17 89 52
227 17 89 52
228 17 74 93
229 17 80 93
230 18 20 0
231 18 74 78
232 18 72 78
233 18 89 0
234 19 89 7
235 19 89 7
236 19 19 207
237 19 80 207
238 20 42 21
239 20 89 21
240 20 87 35
241 20 77 35
242 21 89 24
243 21 79 24
244 21 49 0
245 22 89 149
246 22 75 149
247 23 26 0
248 24 82 14
249 24 86 14
250 24 80 22
251 24 84 22
252 24 75 119
253 24 76 119
254 26 48 0
255 26 28 0
256 26 89 0
257 27 89 170
258 27 40 170
259 28 30 0
260 28 86 150
261 28 89 150
262 29 88 91
263 29 84 91
264 29 89 159
265 29 89 159
266 30 36 0
267 31 89 26
268 31 89 26
269 31 89 146
270 31 89 146
271 32 34 0
272 32 88 110
273 32 86 110
274 32 48 0
275 32 71 0
276 33 89 8
277 33 89 8
278 33 89 49
279 33 89 49
280 33 89 46
281 33 89 46
282 33 89 0
283 33 53 0
284 34 89 100
285 34 89 100
286 35 89 82
287 35 89 82
288 36 89 0
289 36 89 118
290 36 89 118
291 36 89 161
292 36 89 161
293 36 83 0
294 37 89 95
295 37 87 95
296 38 89 40
297 38 89 40
298 38 89 80
299 38 89 80
300 38 47 0
301 38 89 102
302 38 89 102
303 39 89 71
304 39 89 71
305 39 89 83
306 39 89 83
307 39 87 103
308 39 89 103
309 39 89 158
310 39 89 158
311 40 41 0
312 40 89 6
313 40 89 6
314 40 89 114
315 40 89 114
316 41 41 0
317 42 89 25
318 42 89 25
319 42 46 0
320 43 89 125
321 43 89 125
322 43 49 0
323 43 44 0
324 44 89 0
325 44 44 0
326 44 89 0
327 45 89 12
328 45 89 12
329 46 89 173
330 46 89 173
331 46 68 0
332 48 89 61
333 48 89 61
334 48 89 65
335 48 89 65
336 48 48 0
337 49 89 54
338 49 89 54
339 49 50 0
340 50 53 0
341 50 89 68
342 50 89 68
343 50 89 0
344 51 89 19
345 51 89 19
346 51 89 75
347 51 89 75
348 52 52 0
349 52 89 141
350 52 89 141
351 53 89 59
352 53 89 59
353 53 89 79
354 53 89 79
355 53 73 0
356 54 89 42
357 54 89 42
358 54 89 55
359 54 89 55
360 54 55 0
361 54 89 152
362 54 89 152
363 55 89 47
364 55 89 47
365 56 89 33
366 56 89 33
367 56 89 36
368 56 89 36
369 57 57 0
370 58 89 115
371 58 89 115
372 59 89 184
373 59 89 184
374 59 89 191
375 59 89 191
376 59 89 0
377 60 89 74
378 60 89 74
379 60 89 0
380 61 89 192
381 61 89 192
382 62 89 30
383 62 89 30
384 62 77 0
385 62 89 224
386 62 89 224
387 63 89 185
388 63 89 185
389 63 89 0
390 64 89 218
391 64 89 218
392 64 89 188
393 64 89 188
394 65 89 204
395 65 89 204
396 65 89 133
397 65 80 133
398 65 89 145
399 65 72 145
400 65 65 0
401 66 89 220
402 66 89 220
403 66 89 0
404 67 89 217
405 67 89 217
406 67 70 0
407 68 68 0
408 69 89 331
409 69 75 331
410 70 70 0
411 71 89 5
412 71 89 5
413 71 89 221
414 71 89 221
415 71 89 187
416 71 89 187
417 71 89 127
418 71 89 127
419 72 89 0
420 72 89 275
421 72 89 275
422 72 89 0
423 73 89 181
424 73 89 181
425 73 89 232
426 73 89 232
427 73 89 81
428 73 89 81
429 74 89 197
430 74 89 197
431 74 89 0
432 74 76 0
433 75 89 203
434 75 89 203
435 75 89 231
436 75 89 231
437 75 89 228
438 75 89 228
439 75 89 0
440 75 89 213
441 75 89 213
442 76 89 252
443 76 89 252
444 76 89 113
445 76 89 113
446 76 89 246
447 76 89 246
448 76 89 0
449 77 86 43
450 77 81 43
451 77 89 50
452 77 89 50
453 77 89 253
454 77 89 253
455 77 89 198
456 77 89 198
457 78 89 180
458 78 89 180
459 78 89 241
460 78 89 241
461 78 89 384
462 78 89 384
463 79 89 0
464 79 81 0
465 80 89 243
466 80 89 243
467 81 89 250
468 81 89 250
469 81 89 229
470 81 89 229
471 81 89 106
472 81 89 106
473 81 86 237
474 81 89 237
475 82 82 0
476 82 89 0
477 83 89 248
478 83 89 248
479 84 84 0
480 84 89 293
481 84 89 293
482 85 89 251
483 85 85 251
484 85 89 263
485 85 89 263
486 86 86 0
487 87 89 15
488 87 89 15
489 87 89 249
490 87 89 249
491 87 89 34
492 87 89 34
493 87 89 449
494 87 89 449
495 87 89 0
496 87 89 273
497 87 89 273
498 87 89 260
499 87 89 260
500 88 89 240
501 88 89 240
502 88 89 0
503 88 89 307
504 88 89 307
505 88 89 295
506 88 89 295
507 89 89 70
508 89 89 70
509 89 89 262
510 89 89 262
511 89 89 272
512 89 89 272
