1 0 4 0
2 0 46 0
3 0 101 0
4 0 101 0
5 0 96 0
6 0 101 0
7 0 101 0
8 0 101 0
9 0 87 0
10 0 94 0
11 0 101 0
12 0 72 0
13 0 49 0
14 0 91 0
15 0 24 0
16 0 101 0
17 0 66 0
18 0 101 0
19 0 101 0
20 0 70 0
21 0 101 0
22 0 58 0
23 0 75 0
24 0 101 0
25 0 40 0
26 0 19 0
27 0 11 0
28 0 22 0
29 0 54 0
30 0 99 0
31 0 101 0
32 0 70 0
33 0 82 0
34 0 101 0
35 0 101 0
36 0 96 0
37 0 101 0
38 0 101 0
39 0 101 0
40 0 76 0
41 0 23 0
42 0 84 0
43 0 101 0
44 0 101 0
45 0 101 0
46 0 53 0
47 0 5 0
48 0 84 0
49 0 101 0
50 0 23 0
51 0 101 0
52 0 101 0
53 0 101 0
54 0 24 0
55 0 101 0
56 0 9 0
57 0 74 0
58 0 4 0
59 0 101 0
60 0 25 0
61 0 101 0
62 0 17 0
63 0 101 0
64 0 59 0
65 0 89 0
66 0 101 0
67 0 101 0
68 0 89 0
69 0 101 0
70 0 82 0
71 0 5 0
72 0 30 0
73 0 42 0
74 0 79 0
75 0 35 0
76 0 101 0
77 0 65 0
78 0 18 0
79 0 44 0
80 5 35 58
81 5 42 58
82 6 101 47
83 6 101 47
84 6 75 71
85 6 38 71
86 10 101 56
87 10 101 56
88 13 42 0
89 16 34 0
90 18 19 0
91 18 101 62
92 18 101 62
93 18 19 0
94 20 74 26
95 20 101 26
96 21 101 0
97 22 24 0
98 22 88 0
99 23 93 28
100 23 101 28
101 23 29 0
102 24 29 41
103 24 47 41
104 24 101 50
105 24 101 50
106 25 63 15
107 25 58 15
108 25 101 54
109 25 101 54
110 26 101 60
111 26 101 60
112 30 63 0
113 31 101 0
114 36 101 75
115 36 101 75
116 37 40 0
117 39 101 0
118 41 98 25
119 41 93 25
120 41 68 0
121 44 66 0
122 44 69 0
123 45 56 0
124 45 101 79
125 45 101 79
126 45 78 0
127 47 101 0
128 48 101 0
129 48 48 0
130 49 80 0
131 50 69 0
132 50 101 13
133 50 101 13
134 52 101 0
135 52 101 0
136 54 101 46
137 54 93 46
138 55 101 29
139 55 101 29
140 57 59 0
141 59 60 22
142 59 101 22
143 60 101 64
144 60 101 64
145 61 101 0
146 62 69 0
147 63 101 0
148 64 70 0
149 65 84 0
150 67 71 0
151 67 101 17
152 67 101 17
153 67 101 0
154 69 69 0
155 69 101 120
156 69 86 120
157 69 69 0
158 70 101 0
159 70 101 0
160 70 73 131
161 70 101 131
162 71 101 20
163 71 101 20
164 71 101 32
165 71 101 32
166 71 101 0
167 71 101 0
168 72 82 0
169 72 101 0
170 73 101 12
171 73 101 12
172 75 101 57
173 75 101 57
174 76 101 23
175 76 101 23
176 76 101 84
177 76 101 84
178 77 101 40
179 77 101 40
180 78 80 0
181 79 84 0
182 79 87 0
183 79 101 0
184 80 82 0
185 80 101 74
186 80 101 74
187 84 84 0
188 85 101 42
189 85 101 42
190 85 101 48
191 85 101 48
192 86 86 0
193 86 88 0
194 86 101 0
195 86 101 0
196 86 86 0
197 86 101 0
198 89 89 0
199 89 99 0
200 89 101 98
201 89 101 98
202 89 90 0
203 90 101 68
204 90 101 68
205 91 101 0
206 91 101 202
207 91 101 202
208 92 101 14
209 92 101 14
210 94 101 119
211 94 101 119
212 94 101 99
213 94 101 99
214 95 101 10
215 95 101 10
216 95 95 0
217 97 101 0
218 97 101 5
219 97 101 5
220 97 101 36
221 97 101 36
222 97 99 0
223 99 101 118
224 99 101 118
225 100 101 30
226 100 101 30
227 101 101 0
228 101 101 0
229 101 101 0
230 101 101 0
