1 0 4 0
2 0 0 0
3 0 29 0
4 0 32 0
5 0 0 0
6 0 17 0
7 0 40 0
8 0 40 0
9 0 40 0
10 0 40 0
11 0 40 0
12 0 7 0
13 0 22 0
14 0 40 0
15 0 39 0
16 0 40 0
17 0 40 0
18 0 40 0
19 0 40 0
20 0 40 0
21 0 21 0
22 0 40 0
23 0 40 0
24 0 33 0
25 0 40 0
26 0 40 0
27 0 37 0
28 0 13 0
29 0 15 0
30 0 40 0
31 0 35 0
32 0 28 0
33 0 14 0
34 0 0 0
35 0 34 0
36 0 3 0
37 0 40 0
38 0 40 0
39 0 36 0
40 0 40 0
41 0 40 0
42 0 40 0
43 0 13 0
44 0 40 0
45 0 40 0
46 0 40 0
47 0 0 0
48 0 40 0
49 0 40 0
50 0 40 0
51 0 40 0
52 0 14 0
53 0 2 0
54 0 40 0
55 0 40 0
56 0 35 0
57 0 40 0
58 0 38 0
59 0 40 0
60 0 37 0
61 0 40 0
62 0 40 0
63 0 38 0
64 0 30 0
65 0 40 0
66 0 10 0
67 0 34 0
68 0 16 0
69 0 14 0
70 0 18 0
71 0 2 0
72 0 40 0
73 0 40 0
74 0 40 0
75 0 40 0
76 0 40 0
77 0 7 0
78 0 40 0
79 0 40 0
80 0 1 0
81 0 0 0
82 0 34 0
83 0 1 0
84 0 40 0
85 0 2 0
86 0 24 0
87 0 40 0
88 0 1 0
89 0 0 0
90 0 40 0
91 0 5 0
92 0 0 0
93 0 3 0
94 0 40 0
95 0 40 0
96 0 40 0
97 0 9 0
98 0 40 0
99 0 5 0
100 0 2 0
101 0 40 0
102 0 0 0
103 0 0 0
104 0 40 0
105 0 40 0
106 0 15 0
107 0 40 0
108 0 33 0
109 0 35 0
110 0 3 0
111 0 40 0
112 0 23 0
113 0 36 0
114 0 22 0
115 0 0 0
116 0 32 0
117 0 32 0
118 0 40 0
119 0 22 0
120 0 1 0
121 0 40 0
122 0 0 0
123 0 40 0
124 0 40 0
125 0 39 0
126 1 1 0
127 1 2 0
128 1 3 0
129 1 1 0
130 1 4 0
131 1 2 0
132 1 2 115
133 1 3 115
134 1 2 0
135 2 2 0
136 2 7 88
137 2 2 88
138 2 40 120
139 2 7 120
140 2 2 0
141 3 5 0
142 3 4 0
143 3 12 0
144 3 40 71
145 3 40 71
146 3 3 0
147 3 8 85
148 3 3 85
149 3 39 100
150 3 3 100
151 3 40 0
152 4 12 0
153 4 6 0
154 4 4 0
155 4 4 36
156 4 6 36
157 4 5 0
158 4 4 0
159 4 5 0
160 4 40 110
161 4 40 110
162 4 5 133
163 4 5 133
164 5 6 0
165 5 6 0
166 5 34 0
167 6 16 0
168 6 6 0
169 6 7 0
170 6 9 91
171 6 40 91
172 6 12 0
173 6 7 99
174 6 16 99
175 6 6 0
176 7 8 0
177 7 7 0
178 7 7 0
179 8 9 12
180 8 10 12
181 8 12 136
182 8 40 136
183 8 19 0
184 9 9 0
185 9 9 0
186 9 9 0
187 9 9 0
188 9 9 0
189 10 10 0
190 10 11 0
191 10 10 0
192 10 32 0
193 10 10 97
194 10 40 97
195 10 10 0
196 10 10 0
197 10 11 0
198 11 16 180
199 11 27 180
200 11 11 0
201 11 11 66
202 11 20 66
203 11 15 0
204 11 11 193
205 11 14 193
206 11 11 0
207 11 12 0
208 11 11 0
209 12 12 0
210 12 40 204
211 12 13 204
212 12 12 0
213 13 17 0
214 13 13 0
215 14 14 28
216 14 23 28
217 14 15 0
218 14 16 0
219 15 15 0
220 15 16 52
221 15 15 52
222 15 15 0
223 15 22 0
224 16 25 0
225 16 17 0
226 16 23 0
227 16 16 0
228 17 40 220
229 17 40 220
230 17 21 68
231 17 20 68
232 17 27 0
233 17 17 0
234 17 19 174
235 17 27 174
236 17 17 0
237 17 17 0
238 18 24 0
239 18 21 0
240 18 19 0
241 18 18 0
242 18 19 0
243 18 18 0
244 19 19 0
245 19 19 70
246 19 40 70
247 19 20 0
248 20 20 0
249 20 22 0
250 20 21 0
251 20 20 0
252 20 23 0
253 21 21 0
254 21 21 202
255 21 24 202
256 21 33 0
257 21 21 0
258 21 25 0
259 21 23 0
260 22 40 21
261 22 40 21
262 22 40 230
263 22 22 230
264 22 24 0
265 23 27 0
266 23 38 13
267 23 40 13
268 23 23 0
269 23 24 0
270 23 23 119
271 23 34 119
272 24 26 0
273 24 24 216
274 24 33 216
275 24 24 0
276 24 25 0
277 24 40 112
278 24 28 112
279 24 26 0
280 24 40 0
281 25 25 0
282 25 25 255
283 25 26 255
284 25 27 0
285 25 26 0
286 25 26 0
287 25 27 0
288 26 27 0
289 26 26 0
290 26 26 0
291 26 26 0
292 26 27 276
293 26 27 276
294 26 26 276
295 27 27 0
296 27 28 0
297 27 39 283
298 27 40 283
299 27 27 0
300 28 29 0
301 28 34 0
302 28 40 199
303 28 40 199
304 28 34 0
305 28 29 0
306 28 28 293
307 28 40 293
308 28 28 235
309 28 40 235
310 28 28 0
311 28 29 0
312 29 40 32
313 29 34 32
314 29 31 0
315 29 29 0
316 29 29 0
317 30 40 3
318 30 40 3
319 30 32 0
320 30 33 0
321 30 30 0
322 30 40 0
323 30 40 0
324 31 32 0
325 31 31 0
326 31 40 0
327 31 40 64
328 31 40 64
329 31 31 0
330 31 31 0
331 31 40 0
332 31 31 0
333 32 32 0
334 32 32 0
335 32 32 0
336 32 32 0
337 33 33 0
338 33 34 0
339 33 33 117
340 33 40 117
341 33 34 116
342 33 33 116
343 34 36 0
344 34 34 0
345 34 40 24
346 34 40 24
347 34 35 0
348 34 36 108
349 34 34 108
350 34 35 0
351 35 40 0
352 35 35 0
353 35 35 0
354 35 35 0
355 35 40 67
356 35 40 67
357 35 36 0
358 35 40 82
359 35 40 82
360 35 36 0
361 35 35 0
362 35 35 0
363 35 40 341
364 35 35 341
365 36 36 0
366 36 38 31
367 36 36 31
368 36 37 0
369 36 40 0
370 36 36 0
371 36 36 0
372 36 37 0
373 36 37 0
374 36 40 109
375 36 40 109
376 36 40 0
377 37 38 0
378 37 38 0
379 37 37 0
380 37 38 0
381 37 37 0
382 37 38 0
383 37 39 39
384 37 39 39
385 37 37 0
386 37 40 0
387 37 40 0
388 37 38 0
389 37 39 0
390 37 37 0
391 37 40 348
392 37 40 348
393 37 40 113
394 37 40 113
395 38 38 0
396 38 40 27
397 38 40 27
398 38 40 0
399 38 40 0
400 38 40 60
401 38 40 60
402 39 39 0
403 39 40 366
404 39 40 366
405 39 39 58
406 39 40 58
407 39 39 0
408 39 40 63
409 39 40 63
410 39 40 0
411 39 39 0
412 39 40 0
413 40 40 15
414 40 40 15
415 40 40 0
416 40 40 15
417 40 40 0
418 40 40 383
419 40 40 383
420 40 40 0
421 40 40 0
422 40 40 0
423 40 40 0
424 40 40 0
425 40 40 125
426 40 40 125
