1 0 4 0
2 0 2 0
3 0 4 0
4 0 1 0
5 0 5 0
6 0 71 0
7 0 39 0
8 0 18 0
9 0 3 0
10 0 86 0
11 0 89 0
12 0 41 0
13 0 23 0
14 0 27 0
15 0 89 0
16 0 2 0
17 0 11 0
18 0 89 0
19 0 16 0
20 0 23 0
21 0 40 0
22 0 89 0
23 0 48 0
24 0 5 0
25 0 89 0
26 0 9 0
27 0 10 0
28 0 59 0
29 0 33 0
30 0 89 0
31 0 3 0
32 0 14 0
33 0 11 0
34 0 16 0
35 0 13 0
36 0 37 0
37 0 2 0
38 0 1 0
39 0 31 0
40 0 62 0
41 0 33 0
42 0 56 0
43 0 10 0
44 0 24 0
45 0 13 0
46 0 18 0
47 0 21 0
48 0 0 0
49 0 19 0
50 0 36 0
51 0 89 0
52 0 54 0
53 0 8 0
54 0 89 0
55 0 89 0
56 0 16 0
57 0 8 0
58 0 6 0
59 0 15 0
60 0 89 0
61 0 59 0
62 0 15 0
63 0 6 0
64 0 37 0
65 0 1 0
66 0 59 0
67 0 0 0
68 0 89 0
69 0 18 0
70 0 66 0
71 0 89 0
72 0 27 0
73 0 0 0
74 0 35 0
75 0 27 0
76 0 67 0
77 0 89 0
78 0 33 0
79 0 89 0
80 0 85 0
81 0 44 0
82 0 17 0
83 0 89 0
84 0 28 0
85 0 89 0
86 0 27 0
87 0 29 0
88 0 89 0
89 0 89 0
90 0 35 0
91 0 89 0
92 0 37 0
93 0 23 0
94 0 15 0
95 0 13 0
96 0 24 0
97 0 13 0
98 0 14 0
99 0 32 0
100 0 12 0
101 0 4 0
102 0 28 0
103 0 1 0
104 0 57 0
105 0 86 0
106 0 2 0
107 0 24 0
108 0 35 0
109 0 89 0
110 0 7 0
111 0 9 0
112 0 5 0
113 0 89 0
114 0 65 0
115 0 11 0
116 0 89 0
117 0 48 0
118 0 89 0
119 0 24 0
120 0 37 0
121 0 4 0
122 0 89 0
123 0 89 0
124 0 65 0
125 0 71 0
126 0 89 0
127 0 89 0
128 0 89 0
129 0 89 0
130 0 4 0
131 0 89 0
132 0 68 0
133 0 30 0
134 0 2 0
135 0 64 0
136 0 89 0
137 0 62 0
138 0 22 0
139 0 25 0
140 0 8 0
141 0 27 0
142 0 16 0
143 0 7 0
144 0 42 0
145 0 89 0
146 0 9 0
147 0 41 0
148 0 28 0
149 0 10 0
150 0 9 0
151 0 0 0
152 0 71 0
153 0 4 0
154 0 16 0
155 0 11 0
156 0 8 0
157 0 1 0
158 0 19 0
159 0 27 0
160 0 89 0
161 0 21 0
162 0 69 0
163 0 1 0
164 0 34 0
165 0 24 0
166 0 5 0
167 0 11 0
168 0 3 0
169 1 42 0
170 1 40 48
171 1 38 48
172 1 1 0
173 1 6 151
174 1 4 151
175 1 2 0
176 2 6 0
177 2 17 65
178 2 30 65
179 2 5 0
180 2 77 157
181 2 13 157
182 3 89 16
183 3 62 16
184 3 33 37
185 3 3 37
186 3 40 106
187 3 85 106
188 3 89 0
189 5 19 101
190 5 65 101
191 5 14 130
192 5 10 130
193 5 89 153
194 5 89 153
195 5 5 0
196 6 27 0
197 6 6 0
198 6 10 112
199 6 6 112
200 6 6 0
201 6 6 0
202 6 9 0
203 7 9 0
204 7 7 0
205 7 9 63
206 7 8 63
207 7 10 173
208 7 12 173
209 7 11 173
210 7 7 0
211 8 63 0
212 8 8 0
213 9 29 0
214 9 9 0
215 9 9 53
216 9 13 53
217 9 10 0
218 9 89 140
219 9 89 140
220 9 89 0
221 10 19 0
222 10 43 215
223 10 51 215
224 10 17 0
225 10 18 205
226 10 15 205
227 10 73 111
228 10 76 111
229 10 41 146
230 10 36 146
231 10 27 150
232 10 24 150
233 11 26 0
234 11 14 0
235 11 89 198
236 11 39 198
237 11 17 149
238 11 14 149
239 12 13 0
240 12 14 17
241 12 16 17
242 12 13 33
243 12 12 33
244 12 61 0
245 12 16 115
246 12 17 115
247 12 76 155
248 12 20 155
249 13 30 0
250 13 66 100
251 13 63 100
252 13 36 208
253 13 22 208
254 13 29 208
255 14 89 35
256 14 15 35
257 14 16 242
258 14 17 242
259 14 23 45
260 14 38 45
261 14 22 95
262 14 89 95
263 14 27 0
264 15 44 0
265 15 15 0
266 15 43 0
267 15 61 98
268 15 26 98
269 15 15 191
270 15 42 191
271 16 57 256
272 16 25 256
273 16 17 59
274 16 36 59
275 16 27 269
276 16 16 269
277 16 27 269
278 17 30 257
279 17 19 257
280 17 19 19
281 17 22 19
282 17 17 0
283 17 72 0
284 17 18 56
285 17 17 56
286 17 27 0
287 18 19 258
288 18 18 258
289 18 26 273
290 18 27 273
291 18 81 82
292 18 81 82
293 18 89 246
294 18 40 246
295 18 18 0
296 18 18 237
297 18 18 237
298 19 19 8
299 19 21 8
300 19 23 0
301 19 31 284
302 19 28 284
303 19 45 225
304 19 50 225
305 19 35 69
306 19 19 69
307 19 19 0
308 19 45 296
309 19 89 296
310 20 28 221
311 20 20 221
312 20 32 298
313 20 49 298
314 20 35 280
315 20 20 280
316 20 21 279
317 20 22 279
318 20 22 279
319 20 32 49
320 20 35 49
321 20 62 189
322 20 30 189
323 20 20 0
324 20 79 158
325 20 22 158
326 21 21 0
327 21 89 0
328 21 32 0
329 21 21 0
330 21 22 0
331 22 22 0
332 22 24 47
333 22 23 47
334 22 25 0
335 22 27 0
336 22 23 0
337 23 23 281
338 23 54 281
339 23 27 317
340 23 25 317
341 23 30 138
342 23 27 138
343 23 28 253
344 23 27 253
345 24 40 13
346 24 36 13
347 24 40 20
348 24 41 20
349 24 32 93
350 24 31 93
351 24 25 0
352 25 61 44
353 25 27 44
354 25 26 332
355 25 25 332
356 25 64 107
357 25 76 107
358 25 89 0
359 26 27 0
360 26 30 0
361 26 89 0
362 27 58 0
363 27 27 0
364 27 46 354
365 27 46 354
366 27 27 0
367 28 47 0
368 28 30 14
369 28 28 14
370 28 45 339
371 28 28 339
372 28 28 353
373 28 29 353
374 28 48 290
375 28 47 290
376 28 36 275
377 28 31 275
378 28 28 342
379 28 32 342
380 28 89 231
381 28 89 231
382 28 32 0
383 28 42 159
384 28 30 159
385 29 32 310
386 29 29 310
387 29 31 0
388 29 30 371
389 29 52 371
390 29 29 0
391 29 30 302
392 29 30 302
393 29 51 84
394 29 36 84
395 29 85 84
396 29 35 84
397 29 56 0
398 29 31 378
399 29 89 378
400 29 89 148
401 29 89 148
402 29 47 343
403 29 30 343
404 30 47 0
405 30 43 373
406 30 55 373
407 30 32 87
408 30 34 87
409 30 43 0
410 30 30 0
411 31 89 368
412 31 74 368
413 31 46 278
414 31 53 278
415 31 31 0
416 31 31 178
417 31 32 178
418 31 89 0
419 31 77 133
420 31 89 133
421 31 89 341
422 31 54 341
423 31 50 0
424 31 68 384
425 31 44 384
426 31 60 0
427 32 33 0
428 32 39 301
429 32 34 301
430 32 33 301
431 32 33 0
432 32 32 0
433 33 33 0
434 33 37 385
435 33 44 385
436 33 41 0
437 33 40 0
438 33 38 0
439 33 35 417
440 33 45 417
441 33 38 0
442 33 38 349
443 33 37 349
444 33 33 99
445 33 59 99
446 33 89 0
447 33 88 379
448 33 78 379
449 34 37 29
450 34 56 29
451 34 35 0
452 34 34 41
453 34 89 41
454 34 82 444
455 34 34 444
456 34 44 0
457 34 37 0
458 35 36 0
459 35 50 452
460 35 81 452
461 35 37 429
462 35 35 429
463 35 35 408
464 35 36 408
465 35 80 455
466 35 59 455
467 35 38 0
468 35 89 164
469 35 37 164
470 36 36 0
471 36 36 320
472 36 39 320
473 36 53 74
474 36 67 74
475 36 89 90
476 36 89 90
477 36 89 108
478 36 89 108
479 37 54 50
480 37 49 50
481 37 37 0
482 37 70 394
483 37 37 394
484 37 38 464
485 37 43 464
486 37 39 376
487 37 38 376
488 37 79 252
489 37 44 252
490 38 85 36
491 38 89 36
492 38 39 0
493 38 38 461
494 38 39 461
495 38 38 0
496 38 87 483
497 38 83 483
498 38 89 92
499 38 44 92
500 38 38 0
501 39 53 0
502 39 39 0
503 39 44 171
504 39 39 171
505 39 56 441
506 39 81 441
507 39 42 442
508 39 89 442
509 39 70 442
510 40 40 0
511 40 44 0
512 40 89 7
513 40 47 7
514 40 40 0
515 40 46 0
516 40 40 472
517 40 41 472
518 40 43 504
519 40 41 504
520 40 47 428
521 40 43 428
522 40 40 0
523 40 42 494
524 40 47 494
525 40 40 0
526 40 47 0
527 40 53 486
528 40 40 486
529 40 40 0
530 41 47 0
531 41 41 0
532 41 82 186
533 41 89 186
534 41 42 0
535 41 45 294
536 41 43 294
537 41 41 0
538 42 79 0
539 42 83 12
540 42 42 12
541 42 46 12
542 42 42 348
543 42 44 348
544 42 89 517
545 42 53 517
546 42 44 0
547 42 42 0
548 42 89 147
549 42 89 147
550 42 42 0
551 43 54 0
552 43 89 169
553 43 47 169
554 43 43 0
555 43 44 0
556 43 66 270
557 43 43 270
558 43 89 144
559 43 89 144
560 43 89 383
561 43 89 383
562 44 54 222
563 44 48 222
564 44 89 521
565 44 46 521
566 44 44 485
567 44 56 485
568 44 45 557
569 44 46 557
570 45 46 435
571 45 46 435
572 45 45 264
573 45 85 264
574 45 79 543
575 45 52 543
576 45 54 0
577 45 89 0
578 45 75 503
579 45 76 503
580 45 47 0
581 45 87 81
582 45 89 81
583 45 46 566
584 45 57 566
585 45 45 0
586 46 89 303
587 46 46 303
588 46 48 535
589 46 46 535
590 46 78 308
591 46 89 308
592 46 46 0
593 46 70 0
594 47 68 570
595 47 49 570
596 47 89 0
597 47 51 413
598 47 50 413
599 47 47 0
600 47 47 364
601 47 65 364
602 47 48 0
603 47 47 0
604 47 51 569
605 47 54 569
606 47 47 0
607 48 50 0
608 48 53 520
609 48 63 520
610 48 50 375
611 48 51 375
612 48 57 524
613 48 73 524
614 48 56 0
615 48 51 402
616 48 50 402
617 48 89 402
618 49 55 0
619 49 55 0
620 49 49 0
621 49 65 117
622 49 55 117
623 49 51 588
624 49 49 588
625 49 89 588
626 49 56 0
627 50 51 595
628 50 52 595
629 50 50 0
630 50 55 0
631 50 50 0
632 51 51 0
633 51 65 0
634 51 89 0
635 51 61 610
636 51 52 610
637 51 89 304
638 51 89 304
639 51 89 0
640 51 61 0
641 51 51 0
642 52 62 0
643 52 53 597
644 52 59 597
645 52 53 0
646 52 62 0
647 52 62 623
648 52 81 623
649 52 55 615
650 52 52 615
651 53 54 0
652 53 58 628
653 53 55 628
654 53 61 0
655 53 78 575
656 53 77 575
657 53 58 389
658 53 69 389
659 53 53 0
660 53 54 636
661 53 58 636
662 53 89 636
663 53 89 0
664 53 61 0
665 54 70 643
666 54 54 643
667 54 57 0
668 54 76 545
669 54 71 545
670 54 54 0
671 54 89 0
672 55 67 551
673 55 55 551
674 55 56 666
675 55 61 666
676 55 55 0
677 55 84 479
678 55 70 479
679 55 71 562
680 55 70 562
681 55 57 338
682 55 58 338
683 55 64 52
684 55 64 52
685 55 71 0
686 55 59 605
687 55 55 605
688 55 89 422
689 55 89 422
690 56 59 653
691 56 59 653
692 56 56 0
693 56 58 0
694 56 72 406
695 56 58 406
696 56 89 0
697 56 60 0
698 56 57 687
699 56 61 687
700 56 56 687
701 56 89 649
702 56 89 649
703 57 57 0
704 57 89 450
705 57 89 450
706 57 61 42
707 57 85 42
708 57 64 0
709 57 61 0
710 57 58 0
711 58 58 0
712 58 80 681
713 58 61 681
714 58 58 0
715 58 62 0
716 58 59 584
717 58 59 584
718 58 71 584
719 58 74 0
720 58 89 104
721 58 69 104
722 58 89 0
723 58 89 0
724 59 64 0
725 59 59 0
726 59 60 682
727 59 59 682
728 59 61 661
729 59 62 661
730 60 60 690
731 60 70 690
732 60 71 690
733 60 61 28
734 60 60 28
735 60 63 0
736 60 71 0
737 60 60 61
738 60 76 61
739 60 89 66
740 60 89 66
741 61 61 734
742 61 61 734
743 61 66 726
744 61 65 726
745 61 81 0
746 61 72 0
747 61 65 0
748 62 89 635
749 62 89 635
750 62 63 728
751 62 89 728
752 62 89 267
753 62 89 267
754 62 62 699
755 62 65 699
756 62 89 0
757 62 66 0
758 63 82 183
759 63 75 183
760 63 64 40
761 63 65 40
762 63 71 754
763 63 63 754
764 63 66 754
765 63 65 137
766 63 66 137
767 63 64 0
768 64 66 0
769 64 64 0
770 64 67 0
771 64 72 609
772 64 64 609
773 64 64 0
774 64 89 750
775 64 84 750
776 64 65 251
777 64 80 251
778 64 64 0
779 64 67 0
780 65 89 684
781 65 67 684
782 65 65 684
783 65 89 0
784 65 76 135
785 65 77 135
786 66 79 0
787 66 66 761
788 66 67 761
789 66 72 601
790 66 66 601
791 66 89 776
792 66 81 776
793 66 72 114
794 66 71 114
795 66 84 190
796 66 85 190
797 66 71 621
798 66 67 621
799 66 84 124
800 66 70 124
801 66 66 0
802 66 66 755
803 66 89 755
804 66 89 0
805 66 89 0
806 67 67 0
807 67 70 743
808 67 73 743
809 67 68 70
810 67 72 70
811 67 73 250
812 67 89 250
813 67 77 250
814 67 67 0
815 67 69 766
816 67 68 766
817 67 67 0
818 67 89 0
819 68 88 0
820 68 78 770
821 68 71 770
822 68 89 788
823 68 89 788
824 68 73 0
825 68 88 0
826 68 68 0
827 68 89 0
828 69 69 0
829 69 69 0
830 69 69 0
831 69 89 424
832 69 89 424
833 69 89 0
834 70 74 0
835 70 78 658
836 70 72 658
837 70 70 0
838 70 70 0
839 70 89 721
840 70 74 721
841 70 71 815
842 70 70 815
843 71 83 731
844 71 73 731
845 71 85 665
846 71 72 665
847 71 71 665
848 71 71 0
849 72 73 0
850 72 89 6
851 72 89 6
852 72 72 0
853 72 72 0
854 72 72 679
855 72 72 679
856 72 84 0
857 72 78 0
858 72 84 718
859 72 89 718
860 72 84 794
861 72 73 794
862 72 89 797
863 72 73 797
864 72 89 125
865 72 72 125
866 72 77 762
867 72 76 762
868 72 72 0
869 72 72 0
870 72 89 841
871 72 72 841
872 72 89 152
873 72 74 152
874 72 89 152
875 73 73 0
876 73 81 0
877 73 77 789
878 73 77 789
879 73 81 694
880 73 73 694
881 73 89 0
882 73 74 854
883 73 89 854
884 73 89 283
885 73 89 283
886 73 73 0
887 73 87 810
888 73 88 810
889 73 73 810
890 74 74 844
891 74 75 844
892 74 74 0
893 74 75 0
894 74 74 808
895 74 88 808
896 74 86 0
897 74 89 0
898 74 77 861
899 74 78 861
900 74 89 227
901 74 89 227
902 74 86 863
903 74 89 863
904 74 74 0
905 74 74 0
906 74 81 0
907 75 80 0
908 75 75 890
909 75 75 890
910 75 89 0
911 75 78 882
912 75 76 882
913 75 87 882
914 75 89 873
915 75 89 873
916 76 89 0
917 76 78 909
918 76 77 909
919 76 89 0
920 76 80 0
921 77 82 0
922 77 89 0
923 77 86 579
924 77 89 579
925 77 89 738
926 77 78 738
927 77 89 357
928 77 89 357
929 77 84 228
930 77 89 228
931 77 79 867
932 77 77 867
933 77 89 247
934 77 89 247
935 78 82 878
936 78 78 878
937 78 83 813
938 78 89 813
939 78 79 866
940 78 79 866
941 78 89 0
942 79 79 0
943 79 80 0
944 79 79 917
945 79 79 917
946 79 81 655
947 79 80 655
948 79 89 835
949 79 81 835
950 79 89 911
951 79 89 911
952 79 83 936
953 79 86 936
954 79 82 0
955 79 85 899
956 79 81 899
957 79 82 590
958 79 80 590
959 79 83 448
960 79 87 448
961 80 80 0
962 80 89 0
963 80 89 0
964 80 80 945
965 80 80 945
966 80 81 0
967 80 82 940
968 80 80 940
969 80 80 931
970 80 89 931
971 81 82 947
972 81 81 947
973 81 83 964
974 81 81 964
975 81 81 712
976 81 81 712
977 81 81 0
978 81 89 0
979 81 85 0
980 82 82 0
981 82 89 0
982 82 86 972
983 82 85 972
984 82 85 0
985 82 85 972
986 82 85 975
987 82 82 975
988 82 84 0
989 82 89 879
990 82 89 879
991 82 89 0
992 82 89 292
993 82 82 292
994 82 89 792
995 82 89 792
996 82 83 956
997 82 83 956
998 82 82 648
999 82 89 648
1000 82 82 906
1001 82 86 906
1002 83 89 0
1003 83 86 987
1004 83 83 987
1005 83 86 454
1006 83 83 454
1007 83 84 967
1008 83 84 967
1009 83 84 957
1010 83 83 957
1011 83 89 1000
1012 83 88 1000
1013 84 86 0
1014 84 89 0
1015 84 84 973
1016 84 85 973
1017 84 88 0
1018 84 84 0
1019 84 87 0
1020 84 84 0
1021 84 84 0
1022 84 84 0
1023 84 85 937
1024 84 84 937
1025 84 84 0
1026 84 87 0
1027 84 84 997
1028 84 87 997
1029 84 86 0
1030 84 89 0
1031 85 87 1015
1032 85 89 1015
1033 85 86 0
1034 85 89 0
1035 85 89 858
1036 85 86 858
1037 85 85 0
1038 85 88 1008
1039 85 89 1008
1040 85 89 1009
1041 85 89 1009
1042 85 89 0
1043 86 89 0
1044 86 86 845
1045 86 87 845
1046 86 89 985
1047 86 86 985
1048 86 89 0
1049 86 87 490
1050 86 89 490
1051 86 86 0
1052 86 89 0
1053 86 89 80
1054 86 89 80
1055 86 89 395
1056 86 88 395
1057 86 89 1023
1058 86 89 1023
1059 86 86 0
1060 86 89 187
1061 86 89 187
1062 86 86 0
1063 86 87 796
1064 86 86 796
1065 86 89 0
1066 86 87 0
1067 86 86 0
1068 86 89 0
1069 87 87 982
1070 87 89 982
1071 87 87 1047
1072 87 88 1047
1073 87 89 1003
1074 87 89 1003
1075 87 89 1036
1076 87 89 1036
1077 87 89 1005
1078 87 89 1005
1079 87 89 105
1080 87 89 105
1081 87 87 1005
1082 87 89 0
1083 87 89 0
1084 87 89 1001
1085 87 89 1001
1086 88 89 0
1087 88 89 0
1088 88 89 1031
1089 88 89 1031
1090 88 88 1031
1091 88 88 1045
1092 88 88 1045
1093 88 88 1049
1094 88 89 1049
1095 88 88 0
1096 88 89 1049
1097 88 88 1049
1098 88 89 0
1099 88 89 887
1100 88 88 887
1101 88 88 1028
1102 88 89 1028
1103 88 89 1063
1104 88 89 1063
1105 88 88 0
1106 88 89 960
1107 88 89 960
1108 89 89 0
1109 89 89 1091
1110 89 89 1091
1111 89 89 1091
1112 89 89 1072
1113 89 89 1072
1114 89 89 0
1115 89 89 0
1116 89 89 895
1117 89 89 895
1118 89 89 888
1119 89 89 888
1120 89 89 888
1121 89 89 888
1122 89 89 0
1123 89 89 0
1124 89 89 1038
1125 89 89 1038
1126 89 89 0
1127 89 89 447
1128 89 89 447
1129 89 89 0
