1 0 46 0
2 0 24 0
3 0 46 0
4 0 45 0
5 0 16 0
6 0 101 0
7 0 37 0
8 0 82 0
9 0 9 0
10 0 46 0
11 0 75 0
12 0 2 0
13 0 101 0
14 0 13 0
15 0 55 0
16 0 2 0
17 0 101 0
18 0 77 0
19 0 90 0
20 0 101 0
21 0 101 0
22 0 42 0
23 0 12 0
24 0 5 0
25 0 12 0
26 0 56 0
27 0 6 0
28 0 25 0
29 0 3 0
30 0 31 0
31 0 1 0
32 0 6 0
33 0 42 0
34 0 76 0
35 0 44 0
36 0 101 0
37 0 63 0
38 0 101 0
39 0 11 0
40 0 51 0
41 0 24 0
42 0 2 0
43 0 4 0
44 0 89 0
45 0 101 0
46 0 17 0
47 0 101 0
48 0 101 0
49 0 27 0
50 0 101 0
51 0 1 0
52 0 3 0
53 0 0 0
54 0 40 0
55 0 30 0
56 0 1 0
57 0 6 0
58 0 83 0
59 0 4 0
60 0 0 0
61 0 49 0
62 0 15 0
63 0 15 0
64 0 24 0
65 0 11 0
66 0 45 0
67 0 31 0
68 0 9 0
69 0 101 0
70 0 101 0
71 0 33 0
72 0 0 0
73 0 101 0
74 0 28 0
75 0 86 0
76 0 55 0
77 0 0 0
78 0 3 0
79 0 101 0
80 0 101 0
81 0 43 0
82 0 64 0
83 0 17 0
84 0 0 0
85 0 11 0
86 1 1 0
87 1 2 0
88 1 1 0
89 1 81 53
90 1 84 53
91 2 2 0
92 2 3 0
93 2 3 56
94 2 2 56
95 2 2 56
96 3 5 12
97 3 16 12
98 3 7 0
99 3 3 0
100 3 4 0
101 3 3 0
102 4 7 0
103 4 4 0
104 4 4 0
105 4 7 0
106 4 4 93
107 4 29 93
108 4 5 0
109 4 4 0
110 4 4 0
111 4 4 0
112 4 10 78
113 4 7 78
114 4 7 0
115 5 6 0
116 5 7 0
117 5 11 0
118 5 20 43
119 5 5 43
120 5 7 0
121 5 11 0
122 5 5 0
123 5 13 0
124 6 9 0
125 6 6 0
126 6 50 0
127 6 19 0
128 6 6 0
129 7 22 0
130 7 41 32
131 7 40 32
132 7 8 0
133 7 10 0
134 7 13 0
135 8 27 0
136 9 22 0
137 10 83 9
138 10 39 9
139 10 15 0
140 10 60 0
141 10 12 68
142 10 15 68
143 10 16 0
144 11 12 0
145 11 11 0
146 11 11 0
147 11 12 112
148 11 44 112
149 12 15 0
150 12 14 0
151 12 12 0
152 12 101 65
153 12 101 65
154 12 22 0
155 12 14 0
156 13 13 0
157 13 13 0
158 13 13 0
159 13 20 0
160 13 14 0
161 13 14 0
162 14 23 0
163 14 14 0
164 14 16 0
165 14 14 0
166 14 16 0
167 15 24 0
168 15 15 0
169 15 15 0
170 15 15 0
171 15 15 0
172 15 41 0
173 16 25 0
174 16 16 0
175 16 21 63
176 16 16 63
177 16 16 142
178 16 17 142
179 16 25 0
180 16 20 0
181 17 20 0
182 17 17 0
183 17 17 0
184 17 17 0
185 17 20 0
186 17 18 0
187 17 17 0
188 17 17 0
189 17 19 0
190 17 17 0
191 17 19 0
192 18 98 0
193 18 30 0
194 18 18 0
195 18 21 0
196 18 20 0
197 18 101 46
198 18 90 46
199 18 18 0
200 18 18 0
201 18 38 178
202 18 71 178
203 18 20 0
204 19 19 0
205 19 20 0
206 19 21 0
207 19 26 0
208 19 20 0
209 20 23 0
210 20 24 0
211 20 20 0
212 21 21 0
213 21 51 118
214 21 21 118
215 21 22 0
216 21 23 0
217 21 22 0
218 22 23 0
219 22 22 0
220 22 22 175
221 22 52 175
222 22 22 0
223 23 23 0
224 24 25 0
225 24 24 0
226 24 25 0
227 24 24 0
228 24 24 0
229 24 25 0
230 24 24 0
231 24 27 0
232 25 101 2
233 25 30 2
234 25 39 0
235 25 25 0
236 25 27 64
237 25 63 64
238 25 25 0
239 26 27 0
240 26 27 0
241 27 29 0
242 27 32 0
243 27 27 0
244 27 27 0
245 27 29 0
246 27 27 0
247 27 27 0
248 28 41 0
249 28 28 0
250 28 35 49
251 28 101 49
252 28 39 0
253 28 28 0
254 28 28 0
255 29 34 0
256 29 29 0
257 29 43 74
258 29 45 74
259 30 30 0
260 30 30 0
261 30 32 107
262 30 31 107
263 30 101 0
264 31 46 0
265 31 32 0
266 31 33 0
267 31 33 0
268 31 101 55
269 31 101 55
270 31 31 0
271 32 101 30
272 32 101 30
273 32 32 0
274 32 33 0
275 32 32 67
276 32 34 67
277 33 34 0
278 33 51 261
279 33 33 261
280 33 33 0
281 34 101 0
282 34 41 0
283 34 57 0
284 34 34 0
285 34 40 71
286 34 42 71
287 35 101 0
288 35 41 0
289 36 37 0
290 36 36 0
291 37 37 0
292 37 101 0
293 37 38 0
294 38 101 7
295 38 101 7
296 38 38 0
297 38 39 0
298 38 46 0
299 38 38 0
300 38 38 0
301 38 101 0
302 39 40 0
303 39 40 0
304 39 40 0
305 40 74 0
306 40 101 138
307 40 101 138
308 40 42 0
309 40 40 0
310 40 40 0
311 40 40 0
312 41 41 131
313 41 93 131
314 41 56 54
315 41 41 54
316 41 41 285
317 41 41 285
318 42 44 0
319 42 43 0
320 42 57 0
321 42 49 0
322 43 43 0
323 43 63 22
324 43 61 22
325 43 49 33
326 43 93 33
327 43 43 0
328 43 43 0
329 44 44 0
330 44 47 0
331 44 44 0
332 44 44 0
333 44 44 0
334 44 44 0
335 45 45 0
336 45 45 0
337 45 45 35
338 45 91 35
339 45 45 0
340 45 46 0
341 45 60 148
342 45 101 148
343 45 53 0
344 46 101 4
345 46 101 4
346 46 46 0
347 46 46 0
348 46 86 66
349 46 46 66
350 46 48 0
351 46 49 258
352 46 57 258
353 47 51 1
354 47 101 1
355 47 57 0
356 47 101 10
357 47 88 10
358 47 47 0
359 47 53 0
360 47 47 0
361 47 48 0
362 47 55 0
363 47 48 298
364 47 47 298
365 47 47 0
366 47 54 349
367 47 67 349
368 47 47 0
369 47 55 0
370 48 51 0
371 48 55 0
372 48 60 0
373 48 48 0
374 48 48 0
375 49 60 0
376 49 53 0
377 50 51 0
378 50 96 325
379 50 52 325
380 50 50 0
381 50 51 0
382 50 55 61
383 50 73 61
384 50 61 0
385 50 50 0
386 51 72 0
387 51 51 0
388 51 51 0
389 51 52 0
390 51 59 0
391 51 101 0
392 51 51 0
393 52 52 0
394 52 91 213
395 52 53 213
396 52 56 278
397 52 58 278
398 52 56 0
399 52 60 0
400 53 57 0
401 53 54 0
402 53 60 0
403 53 55 0
404 53 55 0
405 53 53 0
406 53 53 0
407 54 54 0
408 54 57 0
409 55 57 0
410 55 55 0
411 55 58 0
412 55 55 0
413 55 89 0
414 55 55 366
415 55 82 366
416 55 55 0
417 56 56 0
418 56 56 0
419 56 59 15
420 56 65 15
421 56 57 0
422 56 56 382
423 56 101 382
424 56 101 76
425 56 101 76
426 57 58 0
427 57 101 26
428 57 58 26
429 57 96 0
430 57 62 314
431 57 57 314
432 57 58 0
433 57 85 0
434 58 101 0
435 58 101 0
436 58 58 0
437 58 59 0
438 58 62 0
439 58 58 0
440 59 59 0
441 59 59 0
442 59 59 397
443 59 101 397
444 59 79 432
445 59 59 432
446 60 62 0
447 60 67 0
448 60 60 0
449 60 61 0
450 61 79 0
451 61 66 0
452 61 64 372
453 61 61 372
454 61 61 0
455 61 84 399
456 61 61 399
457 62 62 0
458 62 62 0
459 62 62 324
460 62 62 324
461 62 67 324
462 62 62 0
463 62 101 449
464 62 62 449
465 62 63 0
466 62 72 0
467 62 62 0
468 62 64 0
469 62 72 0
470 62 62 0
471 62 101 0
472 63 64 0
473 63 64 0
474 63 63 0
475 63 65 430
476 63 75 430
477 63 65 0
478 63 71 0
479 63 64 0
480 63 63 0
481 64 64 0
482 64 64 323
483 64 65 323
484 64 101 0
485 64 101 37
486 64 101 37
487 64 66 0
488 64 64 0
489 64 66 0
490 64 64 0
491 64 66 237
492 64 64 237
493 64 64 0
494 65 68 0
495 65 65 0
496 65 79 0
497 65 90 482
498 65 101 482
499 65 101 0
500 65 65 468
501 65 66 468
502 65 65 0
503 65 75 0
504 65 72 82
505 65 101 82
506 66 78 0
507 66 66 0
508 66 73 0
509 66 68 420
510 66 67 420
511 66 73 483
512 66 71 483
513 66 71 0
514 66 66 0
515 66 68 0
516 67 68 0
517 67 77 0
518 67 67 0
519 67 68 0
520 67 92 491
521 67 67 491
522 67 67 0
523 68 101 0
524 68 101 0
525 68 69 510
526 68 68 510
527 68 68 0
528 68 72 0
529 68 93 367
530 68 98 367
531 69 69 0
532 69 69 0
533 69 71 0
534 69 71 0
535 70 83 0
536 70 74 525
537 70 71 525
538 70 70 0
539 70 72 0
540 70 71 0
541 70 72 0
542 70 82 0
543 70 70 0
544 71 73 0
545 71 101 0
546 72 72 0
547 72 76 0
548 72 72 0
549 72 75 512
550 72 76 512
551 73 77 0
552 73 73 0
553 73 75 0
554 73 75 0
555 73 73 0
556 74 79 0
557 74 82 0
558 74 76 0
559 74 78 0
560 74 74 0
561 74 75 0
562 74 75 0
563 74 101 383
564 74 74 383
565 74 74 0
566 74 77 0
567 75 84 0
568 75 77 305
569 75 80 305
570 75 75 536
571 75 87 536
572 75 89 0
573 75 76 0
574 75 75 0
575 75 77 0
576 75 77 0
577 75 79 0
578 75 83 0
579 76 76 0
580 76 101 11
581 76 101 11
582 76 76 0
583 76 76 0
584 76 78 476
585 76 84 476
586 76 77 0
587 76 77 0
588 77 83 550
589 77 85 550
590 77 101 34
591 77 101 34
592 77 86 0
593 77 79 0
594 78 101 18
595 78 79 18
596 78 101 0
597 78 78 0
598 78 78 0
599 78 78 0
600 78 80 0
601 79 89 0
602 79 101 0
603 79 91 0
604 79 95 0
605 79 80 0
606 79 101 0
607 80 80 0
608 80 81 0
609 80 82 0
610 80 80 0
611 80 80 0
612 80 83 0
613 80 80 0
614 80 80 444
615 80 101 444
616 81 84 0
617 81 101 0
618 81 81 569
619 81 82 569
620 81 85 0
621 81 81 0
622 81 82 0
623 81 81 0
624 82 82 0
625 82 82 0
626 82 82 0
627 82 82 0
628 82 83 0
629 82 84 0
630 82 86 0
631 82 82 0
632 82 86 0
633 82 82 0
634 83 101 0
635 83 89 619
636 83 88 619
637 83 101 8
638 83 101 8
639 83 83 0
640 83 83 0
641 83 83 0
642 83 101 415
643 83 84 415
644 83 84 0
645 83 83 0
646 83 85 0
647 84 101 137
648 84 101 137
649 84 88 588
650 84 86 588
651 84 84 0
652 84 85 0
653 84 86 0
654 84 101 0
655 84 84 58
656 84 101 58
657 84 84 0
658 84 89 0
659 84 84 0
660 84 84 0
661 85 85 0
662 85 88 0
663 85 91 585
664 85 101 585
665 85 101 90
666 85 86 90
667 85 85 0
668 85 85 0
669 85 85 0
670 85 90 0
671 85 87 455
672 85 101 455
673 85 85 0
674 86 97 0
675 86 86 0
676 86 86 0
677 86 88 0
678 86 86 0
679 86 86 0
680 86 89 0
681 86 101 433
682 86 101 433
683 87 89 650
684 87 88 650
685 87 89 0
686 87 90 0
687 87 88 666
688 87 87 666
689 87 101 348
690 87 88 348
691 87 88 75
692 87 101 75
693 87 87 0
694 88 90 0
695 88 88 0
696 88 88 571
697 88 89 571
698 88 88 0
699 88 89 0
700 88 99 0
701 88 88 0
702 88 89 0
703 88 88 0
704 88 88 0
705 88 88 0
706 89 89 0
707 89 94 0
708 89 89 0
709 89 89 0
710 89 89 687
711 89 101 687
712 89 101 690
713 89 89 690
714 89 99 0
715 89 89 0
716 89 101 0
717 90 93 635
718 90 92 635
719 90 92 697
720 90 94 697
721 90 90 0
722 90 94 0
723 90 101 710
724 90 101 710
725 90 101 0
726 90 101 413
727 90 91 413
728 90 92 0
729 90 91 0
730 90 92 0
731 91 91 0
732 91 101 19
733 91 101 19
734 91 93 0
735 91 92 0
736 91 91 0
737 91 93 0
738 91 91 0
739 91 93 0
740 91 91 0
741 91 91 0
742 91 93 0
743 92 94 0
744 92 96 0
745 92 101 0
746 92 100 338
747 92 94 338
748 92 93 394
749 92 97 394
750 92 92 0
751 92 93 0
752 92 94 0
753 92 92 0
754 92 93 0
755 93 93 0
756 93 94 0
757 93 94 0
758 93 96 0
759 93 100 520
760 93 94 520
761 93 100 0
762 93 93 0
763 93 94 0
764 93 93 0
765 94 95 717
766 94 94 717
767 94 95 313
768 94 95 313
769 94 95 0
770 94 101 326
771 94 101 326
772 94 94 326
773 94 101 0
774 94 101 0
775 94 95 0
776 94 95 0
777 94 94 0
778 94 94 0
779 95 101 720
780 95 98 720
781 95 101 747
782 95 100 747
783 95 95 0
784 95 95 0
785 95 101 752
786 95 97 752
787 95 100 0
788 96 96 0
789 96 101 765
790 96 96 765
791 96 98 0
792 96 96 768
793 96 101 768
794 96 96 0
795 96 98 0
796 96 96 0
797 96 97 0
798 96 96 0
799 96 96 0
800 96 96 0
801 97 97 0
802 97 101 378
803 97 101 378
804 97 101 0
805 97 98 0
806 97 101 0
807 97 98 0
808 97 101 0
809 98 99 0
810 98 99 0
811 98 98 749
812 98 99 749
813 98 101 0
814 98 98 0
815 98 98 0
816 99 101 0
817 99 101 0
818 99 101 0
819 99 99 0
820 99 100 0
821 99 99 0
822 99 99 0
823 99 99 0
824 99 101 530
825 99 99 530
826 99 101 0
827 99 99 0
828 99 101 0
829 99 99 0
830 100 101 0
831 100 101 812
832 100 101 812
833 100 100 0
834 101 101 0
835 101 101 0
836 101 101 746
837 101 101 746
838 101 101 0
839 101 101 0
840 101 101 0
841 101 101 759
842 101 101 759
843 101 101 0
844 101 101 0
845 101 101 0
846 101 101 0
