1 0 0 0
2 0 30 0
3 0 3 0
4 0 101 0
5 0 93 0
6 0 5 0
7 0 95 0
8 0 101 0
9 0 72 0
10 0 22 0
11 0 101 0
12 0 1 0
13 0 101 0
14 0 101 0
15 0 7 0
16 0 29 0
17 0 71 0
18 0 101 0
19 0 101 0
20 0 58 0
21 0 77 0
22 0 101 0
23 0 41 0
24 0 19 0
25 0 9 0
26 0 23 0
27 0 54 0
28 0 100 0
29 0 8 0
30 0 72 0
31 0 4 0
32 0 101 0
33 0 101 0
34 0 4 0
35 0 2 0
36 0 101 0
37 0 18 0
38 0 101 0
39 0 2 0
40 0 77 0
41 0 73 0
42 0 29 0
43 0 101 0
44 0 73 0
45 0 54 0
46 0 7 0
47 0 4 0
48 0 84 0
49 0 1 0
50 0 22 0
51 0 101 0
52 0 65 0
53 0 68 0
54 0 10 0
55 0 16 0
56 0 101 0
57 0 74 0
58 0 8 0
59 0 0 0
60 0 18 0
61 0 101 0
62 0 42 0
63 0 101 0
64 0 25 0
65 0 3 0
66 0 0 0
67 0 101 0
68 0 26 0
69 0 3 0
70 0 101 0
71 0 101 0
72 0 89 0
73 0 101 0
74 0 82 0
75 0 6 0
76 0 46 0
77 0 10 0
78 0 52 0
79 0 8 0
80 0 36 0
81 0 87 0
82 0 0 0
83 0 21 0
84 0 3 0
85 0 14 0
86 0 38 0
87 3 4 0
88 3 5 0
89 4 28 3
90 4 90 3
91 5 16 34
92 5 15 34
93 5 5 0
94 5 7 47
95 5 18 47
96 6 101 0
97 6 6 0
98 6 44 0
99 7 14 0
100 7 7 0
101 7 19 0
102 7 70 75
103 7 67 75
104 8 12 0
105 8 11 0
106 8 31 94
107 8 8 94
108 9 14 29
109 9 13 29
110 9 37 107
111 9 89 107
112 10 11 0
113 10 101 0
114 10 10 0
115 11 14 0
116 11 13 54
117 11 24 54
118 11 33 0
119 13 13 0
120 13 26 0
121 13 21 0
122 14 14 0
123 15 18 0
124 15 52 108
125 15 101 108
126 15 18 0
127 16 18 0
128 17 49 91
129 17 48 91
130 17 50 55
131 17 21 55
132 17 101 0
133 17 18 0
134 18 26 0
135 18 18 0
136 19 19 0
137 19 101 95
138 19 101 95
139 20 22 0
140 20 26 0
141 20 60 24
142 20 101 24
143 20 33 0
144 20 32 0
145 21 21 0
146 22 22 0
147 22 26 121
148 22 26 121
149 23 23 10
150 23 23 10
151 23 24 50
152 23 48 50
153 23 37 0
154 24 101 150
155 24 25 150
156 24 93 26
157 24 47 26
158 25 101 0
159 25 36 0
160 25 94 151
161 25 101 151
162 26 30 155
163 26 28 155
164 26 29 0
165 26 26 0
166 27 30 0
167 27 101 68
168 27 37 68
169 29 43 89
170 29 101 89
171 29 29 0
172 30 67 16
173 30 33 16
174 30 101 0
175 31 32 2
176 31 31 2
177 31 52 162
178 31 32 162
179 31 66 0
180 31 31 0
181 32 32 0
182 32 32 0
183 32 32 0
184 32 101 0
185 32 90 0
186 33 36 175
187 33 33 175
188 34 34 0
189 34 36 118
190 34 37 118
191 35 35 0
192 35 101 0
193 35 43 0
194 36 38 0
195 36 66 0
196 37 38 186
197 37 53 186
198 37 42 0
199 37 67 0
200 37 47 80
201 37 37 80
202 37 83 80
203 37 37 0
204 37 50 0
205 37 37 0
206 38 42 0
207 38 39 168
208 38 40 168
209 38 40 110
210 38 38 110
211 39 41 196
212 39 39 196
213 40 45 0
214 41 48 0
215 41 45 0
216 41 82 208
217 41 59 208
218 41 101 0
219 42 98 23
220 42 101 23
221 42 101 0
222 42 101 0
223 43 56 0
224 44 44 0
225 45 48 0
226 45 45 0
227 45 69 98
228 45 62 98
229 45 45 0
230 46 55 0
231 47 47 0
232 48 51 0
233 48 101 200
234 48 48 200
235 49 80 0
236 49 69 0
237 50 59 128
238 50 51 128
239 50 51 0
240 51 56 0
241 51 59 130
242 51 51 130
243 51 53 0
244 52 101 0
245 53 101 177
246 53 66 177
247 53 57 78
248 53 63 78
249 54 101 0
250 54 101 197
251 54 56 197
252 54 68 0
253 54 55 0
254 55 63 0
255 55 101 27
256 55 101 27
257 55 101 45
258 55 101 45
259 56 60 0
260 56 77 0
261 57 68 0
262 58 87 0
263 58 58 0
264 58 101 0
265 58 70 0
266 58 75 0
267 59 65 20
268 59 78 20
269 59 70 0
270 59 59 0
271 60 63 237
272 60 61 237
273 60 67 241
274 60 65 241
275 60 81 217
276 60 101 217
277 61 66 0
278 61 72 0
279 62 86 0
280 63 75 0
281 63 85 0
282 64 101 271
283 64 101 271
284 66 72 0
285 66 83 0
286 66 66 52
287 66 101 52
288 67 67 0
289 67 68 0
290 67 101 0
291 67 76 277
292 67 68 277
293 68 71 172
294 68 68 172
295 68 101 172
296 68 70 273
297 68 69 273
298 68 68 103
299 68 101 103
300 69 76 0
301 69 74 53
302 69 72 53
303 69 101 0
304 70 101 0
305 70 75 236
306 70 70 236
307 70 72 0
308 70 90 0
309 70 70 0
310 71 88 296
311 71 101 296
312 71 71 0
313 71 73 102
314 71 75 102
315 71 71 0
316 72 101 17
317 72 101 17
318 73 101 9
319 73 75 9
320 73 84 9
321 73 96 30
322 73 101 30
323 73 81 0
324 73 74 0
325 73 101 0
326 74 96 0
327 74 74 0
328 74 79 0
329 74 77 0
330 75 84 301
331 75 82 301
332 75 101 57
333 75 75 57
334 75 75 0
335 76 101 319
336 76 97 319
337 76 101 333
338 76 101 333
339 76 77 314
340 76 101 314
341 77 77 0
342 77 80 291
343 77 101 291
344 77 101 0
345 78 79 0
346 78 91 0
347 78 79 0
348 78 101 21
349 78 101 21
350 78 101 40
351 78 101 40
352 78 79 0
353 78 101 339
354 78 101 339
355 79 89 0
356 79 101 268
357 79 82 268
358 79 79 0
359 79 89 0
360 80 80 0
361 80 101 328
362 80 80 328
363 81 82 0
364 81 81 0
365 81 81 0
366 81 101 342
367 81 101 342
368 83 101 0
369 83 88 216
370 83 83 216
371 83 101 0
372 84 84 0
373 84 101 0
374 84 89 202
375 84 88 202
376 85 85 0
377 85 85 0
378 85 101 330
379 85 90 330
380 85 101 48
381 85 101 48
382 86 86 0
383 86 101 281
384 86 87 281
385 87 101 0
386 88 88 0
387 88 101 0
388 88 101 262
389 88 101 262
390 88 88 0
391 89 89 0
392 89 101 369
393 89 101 369
394 90 95 0
395 90 101 72
396 90 101 72
397 90 101 374
398 90 101 374
399 91 91 0
400 91 101 90
401 91 101 90
402 91 91 308
403 91 101 308
404 91 91 0
405 92 92 0
406 93 93 0
407 93 93 0
408 93 94 0
409 94 101 156
410 94 101 156
411 94 94 0
412 95 101 0
413 95 101 0
414 95 101 0
415 95 97 0
416 95 96 0
417 95 101 160
418 95 101 160
419 95 97 0
420 96 99 0
421 96 101 7
422 96 101 7
423 96 99 0
424 97 101 0
425 97 101 0
426 97 101 321
427 97 101 321
428 97 101 326
429 97 101 326
430 97 97 0
431 97 98 0
432 97 97 0
433 98 98 415
434 98 101 415
435 98 98 0
436 99 99 0
437 99 99 0
438 99 101 219
439 99 101 219
440 99 101 219
441 99 101 0
442 100 101 0
443 100 100 0
444 100 101 0
445 101 101 28
446 101 101 28
447 101 101 0
448 101 101 0
