1 0 45 0
2 0 45 0
3 0 46 0
4 0 44 0
5 0 101 0
6 0 101 0
7 0 101 0
8 0 35 0
9 0 81 0
10 0 38 0
11 0 44 0
12 0 73 0
13 0 101 0
14 0 101 0
15 0 8 0
16 0 77 0
17 0 88 0
18 0 101 0
19 0 101 0
20 0 101 0
21 0 101 0
22 0 31 0
23 0 39 0
24 0 101 0
25 0 63 0
26 0 93 0
27 0 93 0
28 0 75 0
29 0 101 0
30 0 101 0
31 0 101 0
32 0 16 0
33 0 101 0
34 0 101 0
35 0 101 0
36 0 7 0
37 0 36 0
38 0 101 0
39 0 101 0
40 0 84 0
41 0 31 0
42 0 85 0
43 0 70 0
44 0 101 0
45 0 48 0
46 0 46 0
47 0 101 0
48 0 11 0
49 0 85 0
50 0 34 0
51 0 101 0
52 0 82 0
53 0 101 0
54 0 33 0
55 0 6 0
56 0 54 0
57 0 56 0
58 0 20 0
59 0 7 0
60 0 101 0
61 0 101 0
62 0 101 0
63 0 54 0
64 0 29 0
65 0 54 0
66 0 9 0
67 5 5 0
68 8 101 0
69 8 16 0
70 10 101 0
71 12 101 48
72 12 101 48
73 17 101 32
74 17 101 32
75 17 17 0
76 18 21 0
77 18 19 0
78 20 24 0
79 21 24 0
80 23 41 0
81 25 28 0
82 26 101 0
83 26 101 0
84 30 101 0
85 31 39 0
86 32 101 22
87 32 101 22
88 32 101 41
89 32 101 41
90 33 33 0
91 34 46 54
92 34 35 54
93 35 88 0
94 35 101 0
95 35 35 0
96 36 101 8
97 36 101 8
98 36 44 0
99 37 101 0
100 38 38 0
101 39 101 10
102 39 101 10
103 39 101 0
104 39 40 0
105 40 101 23
106 40 101 23
107 40 40 0
108 41 72 0
109 42 83 0
110 44 101 0
111 45 101 4
112 45 101 4
113 45 101 11
114 45 101 11
115 45 45 0
116 45 45 0
117 46 50 1
118 46 101 1
119 46 49 0
120 47 47 0
121 47 101 91
122 47 61 91
123 48 61 0
124 50 76 0
125 50 101 0
126 50 55 0
127 51 72 0
128 52 54 0
129 55 101 56
130 55 101 56
131 56 57 0
132 56 101 0
133 56 57 0
134 57 75 0
135 58 60 0
136 59 59 0
137 59 101 0
138 59 101 0
139 60 60 0
140 60 101 0
141 62 63 122
142 62 63 122
143 63 63 0
144 63 101 0
145 64 65 0
146 64 71 0
147 64 79 0
148 64 101 25
149 64 101 25
150 64 65 141
151 64 101 141
152 66 67 0
153 66 73 0
154 67 70 0
155 67 68 0
156 69 101 0
157 69 69 0
158 71 101 0
159 71 71 0
160 71 101 0
161 72 72 0
162 72 78 0
163 73 84 0
164 74 101 0
165 74 101 12
166 74 101 12
167 74 101 0
168 75 101 0
169 75 75 0
170 76 101 28
171 76 101 28
172 77 101 0
173 78 78 0
174 78 101 16
175 78 101 16
176 79 101 0
177 79 101 0
178 81 81 0
179 81 101 0
180 82 101 9
181 82 101 9
182 83 101 0
183 83 101 0
184 83 93 52
185 83 101 52
186 84 101 109
187 84 101 109
188 85 101 40
189 85 101 40
190 85 101 0
191 86 98 0
192 86 101 42
193 86 101 42
194 86 101 49
195 86 101 49
196 87 96 0
197 89 101 17
198 89 101 17
199 89 101 0
200 89 95 0
201 94 101 27
202 94 101 27
203 94 101 0
204 94 101 26
205 94 101 26
206 94 96 0
207 97 101 0
208 98 99 0
209 99 101 0
210 100 100 0
211 100 101 0
