1 0 173 0
2 0 54 0
3 0 39 0
4 0 56 0
5 0 82 0
6 0 72 0
7 0 299 0
8 0 2 0
9 0 14 0
10 0 28 0
11 0 4 0
12 0 2 0
13 0 10 0
14 0 73 0
15 0 21 0
16 0 9 0
17 0 8 0
18 0 16 0
19 0 105 0
20 0 144 0
21 0 265 0
22 0 131 0
23 0 5 0
24 0 52 0
25 0 128 0
26 0 96 0
27 0 90 0
28 0 62 0
29 0 117 0
30 0 172 0
31 0 8 0
32 0 200 0
33 0 91 0
34 0 121 0
35 0 134 0
36 0 25 0
37 0 1 0
38 0 7 0
39 0 20 0
40 0 16 0
41 0 73 0
42 0 94 0
43 0 166 0
44 0 89 0
45 0 195 0
46 0 49 0
47 0 74 0
48 0 51 0
49 0 93 0
50 0 85 0
51 0 37 0
52 0 50 0
53 0 61 0
54 0 1 0
55 0 103 0
56 0 299 0
57 0 186 0
58 0 65 0
59 0 146 0
60 0 4 0
61 0 150 0
62 0 11 0
63 0 9 0
64 0 32 0
65 0 214 0
66 0 110 0
67 0 47 0
68 0 95 0
69 2 26 37
70 2 36 37
71 2 77 54
72 2 82 54
73 3 3 0
74 3 4 0
75 4 4 0
76 5 7 11
77 5 5 11
78 5 5 0
79 6 6 0
80 7 35 0
81 7 7 0
82 8 28 76
83 8 26 76
84 8 8 0
85 8 8 0
86 9 89 31
87 9 91 31
88 9 9 0
89 10 30 16
90 10 48 16
91 10 11 63
92 10 12 63
93 11 35 13
94 11 32 13
95 11 11 0
96 12 12 0
97 12 13 62
98 12 16 62
99 13 13 0
100 13 61 92
101 13 66 92
102 14 14 0
103 15 15 9
104 15 28 9
105 15 15 0
106 17 22 98
107 17 48 98
108 21 32 39
109 21 69 39
110 22 41 15
111 22 44 15
112 24 24 0
113 25 25 0
114 26 26 0
115 26 33 36
116 26 68 36
117 28 28 0
118 29 38 104
119 29 41 104
120 29 31 82
121 29 30 82
122 29 30 10
123 29 32 10
124 29 29 0
125 32 36 120
126 32 32 120
127 33 33 123
128 33 117 123
129 33 73 126
130 33 33 126
131 33 33 0
132 33 33 0
133 33 35 64
134 33 195 64
135 34 50 115
136 34 76 115
137 35 37 0
138 36 72 93
139 36 71 93
140 36 36 0
141 37 44 125
142 37 43 125
143 37 74 0
144 37 115 70
145 37 45 70
146 38 38 51
147 38 40 51
148 39 39 0
149 40 40 0
150 41 51 147
151 41 54 147
152 42 78 0
153 42 42 119
154 42 57 119
155 42 42 0
156 42 74 110
157 42 43 110
158 42 50 0
159 43 71 0
160 45 46 141
161 45 50 141
162 45 67 111
163 45 45 111
164 45 46 0
165 48 92 67
166 48 50 67
167 49 70 90
168 49 73 90
169 49 49 0
170 49 104 107
171 49 51 107
172 50 50 0
173 50 54 46
174 50 59 46
175 51 51 0
176 51 53 161
177 51 52 161
178 51 52 52
179 51 78 52
180 52 52 0
181 52 52 48
182 52 62 48
183 52 211 0
184 52 52 0
185 53 55 177
186 53 54 177
187 53 140 24
188 53 138 24
189 54 57 176
190 54 78 176
191 54 54 0
192 55 105 2
193 55 105 2
194 55 56 151
195 55 65 151
196 56 58 185
197 56 57 185
198 57 107 4
199 57 90 4
200 58 58 154
201 58 64 154
202 58 58 0
203 58 58 0
204 59 59 196
205 59 63 196
206 60 66 204
207 60 61 204
208 60 152 0
209 60 61 174
210 60 65 174
211 62 62 0
212 62 86 209
213 62 68 209
214 62 67 53
215 62 63 53
216 63 92 28
217 63 88 28
218 63 64 182
219 63 65 182
220 64 64 0
221 65 67 201
222 65 68 201
223 65 65 0
224 66 68 219
225 66 70 219
226 66 117 195
227 66 164 195
228 66 68 58
229 66 81 58
230 67 72 206
231 67 71 206
232 67 73 101
233 67 93 101
234 68 83 162
235 68 82 162
236 69 70 222
237 69 73 222
238 69 71 116
239 69 75 116
240 69 94 213
241 69 87 213
242 69 179 228
243 69 79 228
244 70 84 109
245 70 77 109
246 71 76 225
247 71 82 225
248 72 88 0
249 72 85 159
250 72 119 159
251 73 79 230
252 73 83 230
253 73 73 138
254 73 80 138
255 74 76 237
256 74 86 237
257 74 90 168
258 74 89 168
259 74 80 14
260 74 78 14
261 75 122 47
262 75 130 47
263 76 106 0
264 77 77 255
265 77 79 255
266 77 80 136
267 77 83 136
268 79 80 190
269 79 93 190
270 79 79 179
271 79 103 179
272 81 95 268
273 81 88 268
274 81 83 259
275 81 82 259
276 81 86 254
277 81 81 254
278 81 81 266
279 81 99 266
280 82 88 229
281 82 90 229
282 83 91 5
283 83 84 5
284 83 84 275
285 83 83 275
286 83 84 247
287 83 86 247
288 83 90 72
289 83 94 72
290 84 96 252
291 84 86 252
292 84 87 234
293 84 124 234
294 84 84 267
295 84 102 267
296 85 89 284
297 85 104 284
298 85 86 244
299 85 90 244
300 87 93 291
301 87 87 291
302 87 87 276
303 87 90 276
304 87 90 287
305 87 101 287
306 88 89 301
307 88 100 301
308 88 105 292
309 88 88 292
310 88 94 241
311 88 111 241
312 89 105 0
313 90 116 296
314 90 113 296
315 90 169 44
316 90 92 44
317 91 97 257
318 91 95 257
319 91 91 303
320 91 93 303
321 91 146 299
322 91 96 299
323 91 137 304
324 91 116 304
325 91 115 304
326 91 99 281
327 91 105 281
328 92 98 282
329 92 99 282
330 92 95 33
331 92 124 33
332 92 97 33
333 92 140 87
334 92 97 87
335 93 94 216
336 93 95 216
337 93 93 0
338 93 100 165
339 93 99 165
340 94 99 300
341 94 99 300
342 94 95 320
343 94 98 320
344 94 100 320
345 94 105 49
346 94 106 49
347 94 110 233
348 94 95 233
349 95 110 42
350 95 105 42
351 95 123 310
352 95 95 310
353 95 237 289
354 95 95 289
355 96 152 342
356 96 97 342
357 96 97 336
358 96 101 336
359 96 97 352
360 96 96 352
361 96 99 354
362 96 98 354
363 97 125 290
364 97 101 290
365 97 121 26
366 97 99 26
367 97 105 322
368 97 106 322
369 98 101 356
370 98 102 356
371 98 104 317
372 98 104 317
373 98 99 332
374 98 122 332
375 98 102 334
376 98 105 334
377 98 114 359
378 98 130 359
379 99 121 0
380 100 121 329
381 100 105 329
382 100 184 361
383 100 180 361
384 101 106 307
385 101 116 307
386 101 123 338
387 101 113 338
388 102 104 358
389 102 102 358
390 103 103 370
391 103 109 370
392 103 103 295
393 103 105 295
394 104 111 390
395 104 143 390
396 104 120 271
397 104 107 271
398 104 145 55
399 104 144 55
400 105 105 372
401 105 117 372
402 105 164 371
403 105 190 371
404 105 132 388
405 105 150 388
406 105 108 170
407 105 110 170
408 106 112 381
409 106 110 381
410 106 108 381
411 106 119 308
412 106 113 308
413 106 222 19
414 106 215 19
415 106 146 376
416 106 207 376
417 106 114 393
418 106 113 393
419 106 108 393
420 106 180 327
421 106 117 327
422 107 176 0
423 107 111 0
424 107 118 0
425 107 110 368
426 107 107 368
427 107 131 346
428 107 120 346
429 108 113 198
430 108 121 198
431 108 112 0
432 109 115 0
433 111 149 425
434 111 152 425
435 111 111 407
436 111 111 407
437 111 112 407
438 111 151 347
439 111 129 347
440 111 112 66
441 111 113 66
442 112 121 394
443 112 115 394
444 112 138 311
445 112 118 311
446 113 113 408
447 113 116 408
448 113 122 0
449 113 171 0
450 113 118 437
451 113 113 437
452 114 124 314
453 114 114 314
454 114 120 412
455 114 114 412
456 114 160 0
457 114 120 441
458 114 125 441
459 115 117 417
460 115 115 417
461 115 115 0
462 116 120 443
463 116 120 443
464 116 116 0
465 116 119 144
466 116 119 144
467 116 116 0
468 117 117 447
469 117 126 447
470 117 118 385
471 117 130 385
472 117 142 324
473 117 153 324
474 117 117 0
475 118 135 0
476 118 147 128
477 118 194 128
478 118 194 29
479 118 139 29
480 118 124 459
481 118 145 459
482 118 184 226
483 118 172 226
484 118 170 421
485 118 155 421
486 118 127 0
487 119 122 424
488 119 136 424
489 119 194 450
490 119 139 450
491 120 149 465
492 120 151 465
493 121 121 454
494 121 123 454
495 121 121 454
496 121 122 396
497 121 158 396
498 121 122 0
499 122 122 430
500 122 123 430
501 122 125 380
502 122 122 380
503 122 123 379
504 122 122 379
505 122 122 442
506 122 132 442
507 122 149 365
508 122 173 365
509 122 131 34
510 122 148 34
511 123 134 505
512 123 130 505
513 123 133 374
514 123 125 374
515 124 127 500
516 124 129 500
517 124 133 503
518 124 124 503
519 124 125 494
520 124 127 494
521 124 127 351
522 124 130 351
523 124 137 386
524 124 153 386
525 125 206 0
526 125 126 452
527 125 133 452
528 125 126 293
529 125 126 293
530 125 127 480
531 125 135 480
532 126 189 363
533 126 126 363
534 126 127 519
535 126 126 519
536 126 127 514
537 126 129 514
538 126 132 458
539 126 126 458
540 126 126 0
541 127 127 469
542 127 188 469
543 128 130 541
544 128 130 541
545 128 189 534
546 128 135 534
547 128 132 520
548 128 133 520
549 128 128 534
550 128 129 530
551 128 134 530
552 128 129 0
553 129 145 25
554 129 135 25
555 129 131 0
556 130 134 516
557 130 171 516
558 130 130 537
559 130 131 537
560 130 133 550
561 130 139 550
562 130 132 0
563 130 146 439
564 130 154 439
565 131 133 544
566 131 131 544
567 131 158 0
568 131 134 512
569 131 143 512
570 131 132 471
571 131 138 471
572 131 131 471
573 131 131 0
574 131 136 262
575 131 134 262
576 131 167 522
577 131 154 522
578 131 135 378
579 131 165 378
580 132 137 22
581 132 135 22
582 132 149 559
583 132 156 559
584 132 147 427
585 132 171 427
586 133 135 0
587 133 134 0
588 133 145 538
589 133 137 538
590 134 135 565
591 134 137 565
592 134 138 517
593 134 134 517
594 134 136 527
595 134 137 527
596 134 137 548
597 134 158 548
598 135 137 511
599 135 136 511
600 135 137 551
601 135 139 551
602 135 137 0
603 136 141 590
604 136 139 590
605 136 140 546
606 136 140 546
607 136 138 578
608 136 136 578
609 137 138 594
610 137 137 594
611 137 141 488
612 137 140 488
613 137 143 0
614 137 204 0
615 137 144 574
616 137 211 574
617 137 137 0
618 138 140 610
619 138 140 610
620 138 139 598
621 138 138 598
622 138 151 580
623 138 138 580
624 138 143 580
625 138 140 600
626 138 138 600
627 138 183 0
628 139 155 592
629 139 143 592
630 139 139 592
631 139 160 609
632 139 174 609
633 139 140 571
634 139 139 571
635 139 144 607
636 139 145 607
637 139 140 444
638 139 141 444
639 139 139 0
640 140 140 604
641 140 141 604
642 140 142 620
643 140 156 620
644 140 141 0
645 140 159 601
646 140 140 601
647 140 140 0
648 140 140 490
649 140 152 490
650 141 142 633
651 141 141 633
652 141 142 606
653 141 165 606
654 141 189 633
655 141 151 187
656 141 143 187
657 141 147 333
658 141 146 333
659 141 145 625
660 141 187 625
661 142 212 0
662 142 146 603
663 142 163 603
664 142 147 641
665 142 146 641
666 142 144 641
667 142 144 651
668 142 143 651
669 142 159 611
670 142 149 611
671 142 142 638
672 142 143 638
673 143 144 0
674 143 143 652
675 143 146 652
676 143 144 650
677 143 146 650
678 143 161 472
679 143 152 472
680 143 220 0
681 144 144 629
682 144 144 629
683 144 145 569
684 144 155 569
685 144 148 668
686 144 145 668
687 144 146 668
688 144 194 656
689 144 197 656
690 144 150 0
691 144 144 672
692 144 157 672
693 144 145 672
694 145 149 681
695 145 160 681
696 145 156 20
697 145 145 20
698 145 154 615
699 145 149 615
700 145 147 691
701 145 145 691
702 145 189 399
703 145 198 399
704 146 149 686
705 146 156 686
706 146 147 683
707 146 148 683
708 146 146 659
709 146 152 659
710 146 155 636
711 146 183 636
712 146 148 481
713 146 155 481
714 146 147 398
715 146 151 398
716 146 159 588
717 146 146 588
718 147 176 675
719 147 166 675
720 147 150 677
721 147 151 677
722 147 199 708
723 147 173 708
724 147 147 59
725 147 149 59
726 148 149 664
727 148 149 664
728 148 150 664
729 148 161 476
730 148 166 476
731 148 148 0
732 148 155 657
733 148 148 657
734 148 167 584
735 148 172 584
736 148 151 700
737 148 151 700
738 149 150 707
739 149 154 707
740 149 150 510
741 149 168 510
742 150 150 726
743 150 168 726
744 150 151 694
745 150 150 694
746 150 152 582
747 150 155 582
748 150 150 0
749 150 168 0
750 150 154 725
751 150 157 725
752 151 154 742
753 151 155 742
754 151 156 728
755 151 152 728
756 151 159 742
757 151 160 405
758 151 159 405
759 151 221 61
760 151 188 61
761 152 159 0
762 152 161 0
763 152 157 744
764 152 153 744
765 152 152 721
766 152 159 721
767 152 206 655
768 152 160 655
769 152 154 622
770 152 153 622
771 152 155 0
772 152 164 492
773 152 153 492
774 152 152 715
775 152 156 715
776 153 201 0
777 153 184 355
778 153 162 355
779 153 173 765
780 153 159 765
781 153 162 434
782 153 154 434
783 153 163 709
784 153 153 709
785 153 166 208
786 153 159 208
787 153 153 679
788 153 154 679
789 153 159 649
790 153 166 649
791 154 156 787
792 154 155 787
793 154 158 473
794 154 176 473
795 154 207 524
796 154 159 524
797 155 161 769
798 155 167 769
799 155 175 698
800 155 156 698
801 155 172 577
802 155 160 577
803 155 155 564
804 155 193 564
805 156 161 628
806 156 158 628
807 156 164 753
808 156 176 753
809 156 158 747
810 156 156 747
811 156 161 732
812 156 163 732
813 156 185 710
814 156 160 710
815 156 179 803
816 156 164 803
817 156 192 485
818 156 156 485
819 157 168 705
820 157 168 705
821 157 185 696
822 157 157 696
823 157 157 643
824 157 162 643
825 157 157 810
826 157 158 810
827 157 158 775
828 157 159 775
829 158 170 823
830 158 159 823
831 158 160 825
832 158 158 825
833 158 160 0
834 158 164 692
835 158 167 692
836 158 159 692
837 158 161 751
838 158 176 751
839 159 188 567
840 159 178 567
841 159 160 597
842 159 161 597
843 159 160 597
844 159 159 597
845 159 162 832
846 159 162 832
847 159 172 497
848 159 172 497
849 160 163 669
850 160 166 669
851 160 160 780
852 160 162 780
853 160 161 830
854 160 160 830
855 160 164 645
856 160 163 645
857 160 174 0
858 160 161 786
859 160 160 786
860 160 162 836
861 160 164 836
862 160 191 828
863 160 178 828
864 160 163 716
865 160 161 716
866 161 162 631
867 161 170 631
868 161 176 851
869 161 164 851
870 161 161 757
871 161 204 757
872 161 164 802
873 161 166 802
874 162 162 805
875 162 180 805
876 162 179 842
877 162 162 842
878 162 164 842
879 162 162 842
880 162 163 853
881 162 162 853
882 162 199 0
883 162 190 797
884 162 205 797
885 162 169 858
886 162 167 858
887 163 182 845
888 163 168 845
889 163 171 781
890 163 180 781
891 163 163 860
892 163 184 860
893 164 165 880
894 164 164 880
895 164 189 812
896 164 174 812
897 164 164 0
898 164 173 783
899 164 174 783
900 164 169 891
901 164 181 891
902 164 174 864
903 164 173 864
904 165 166 807
905 165 169 807
906 165 165 402
907 165 166 402
908 165 167 878
909 165 165 878
910 165 167 869
911 165 173 869
912 165 166 894
913 165 171 894
914 165 165 0
915 165 165 855
916 165 172 855
917 165 165 861
918 165 165 861
919 165 183 227
920 165 182 227
921 166 227 579
922 166 175 579
923 167 168 730
924 167 172 730
925 167 176 907
926 167 181 907
927 167 171 850
928 167 167 850
929 167 168 912
930 167 167 912
931 167 192 0
932 167 167 0
933 167 169 0
934 167 192 873
935 167 181 873
936 167 178 790
937 167 169 790
938 168 168 910
939 168 172 910
940 168 171 928
941 168 169 928
942 168 169 908
943 168 170 908
944 168 168 0
945 168 210 0
946 168 178 576
947 168 171 576
948 168 172 835
949 168 175 835
950 169 216 0
951 169 170 743
952 169 170 743
953 169 170 820
954 169 169 820
955 169 185 929
956 169 169 929
957 169 169 0
958 169 199 741
959 169 200 741
960 169 169 749
961 169 179 749
962 169 170 888
963 169 170 888
964 169 263 0
965 170 172 0
966 170 173 942
967 170 173 942
968 170 171 956
969 170 170 956
970 170 177 315
971 170 173 315
972 170 188 885
973 170 172 885
974 170 224 900
975 170 177 900
976 171 175 951
977 171 179 951
978 171 175 867
979 171 174 867
980 171 172 953
981 171 177 953
982 171 174 829
983 171 177 829
984 171 180 962
985 171 181 962
986 172 172 0
987 172 204 927
988 172 186 927
989 172 180 940
990 172 184 940
991 172 176 913
992 172 173 913
993 172 172 889
994 172 173 889
995 172 187 585
996 172 181 585
997 173 173 924
998 173 176 924
999 173 299 0
1000 173 175 939
1001 173 173 939
1002 173 181 980
1003 173 183 980
1004 173 176 939
1005 173 207 30
1006 173 299 30
1007 173 177 0
1008 173 177 801
1009 173 211 801
1010 173 173 948
1011 173 175 948
1012 173 174 848
1013 173 173 848
1014 174 179 1
1015 174 184 1
1016 174 178 997
1017 174 175 997
1018 174 200 0
1019 174 177 967
1020 174 174 967
1021 174 192 508
1022 174 202 508
1023 174 176 994
1024 174 177 994
1025 174 181 971
1026 174 188 971
1027 175 181 1020
1028 175 175 1020
1029 175 182 896
1030 175 176 896
1031 175 203 899
1032 175 190 899
1033 175 186 857
1034 175 184 857
1035 175 185 1012
1036 175 176 1012
1037 175 178 902
1038 175 175 902
1039 176 176 976
1040 176 177 976
1041 176 196 978
1042 176 180 978
1043 176 177 0
1044 176 177 1028
1045 176 179 1028
1046 176 179 799
1047 176 178 799
1048 176 176 1011
1049 176 179 1011
1050 176 201 0
1051 177 178 808
1052 177 180 808
1053 177 179 422
1054 177 177 422
1055 177 181 998
1056 177 179 998
1057 177 178 868
1058 177 186 868
1059 177 194 991
1060 177 181 991
1061 177 182 991
1062 177 180 1048
1063 177 177 1048
1064 177 184 838
1065 177 185 838
1066 178 179 1040
1067 178 180 1040
1068 178 178 1019
1069 178 179 1019
1070 178 186 1019
1071 178 196 983
1072 178 178 983
1073 178 181 0
1074 178 183 1024
1075 178 189 1024
1076 178 184 975
1077 178 183 975
1078 179 180 0
1079 179 184 1057
1080 179 202 1057
1081 179 187 946
1082 179 182 946
1083 179 186 936
1084 179 188 936
1085 179 182 1037
1086 179 196 1037
1087 180 183 1053
1088 180 182 1053
1089 180 180 1056
1090 180 182 1056
1091 180 180 1069
1092 180 188 1069
1093 180 180 1045
1094 180 192 1045
1095 180 191 961
1096 180 183 961
1097 180 186 1046
1098 180 192 1046
1099 180 187 815
1100 180 188 815
1101 181 182 0
1102 181 182 1052
1103 181 181 1052
1104 181 182 875
1105 181 187 875
1106 181 182 1067
1107 181 181 1067
1108 181 184 1052
1109 181 184 1089
1110 181 183 1089
1111 181 181 0
1112 181 208 890
1113 181 195 890
1114 181 183 1062
1115 181 181 1062
1116 181 201 383
1117 181 188 383
1118 181 185 420
1119 181 188 420
1120 181 182 420
1121 182 182 1107
1122 182 183 1107
1123 182 199 0
1124 182 185 1002
1125 182 210 1002
1126 182 197 1027
1127 182 190 1027
1128 182 188 926
1129 182 209 926
1130 182 183 985
1131 182 182 985
1132 182 194 1025
1133 182 187 1025
1134 183 183 1090
1135 183 185 1090
1136 183 183 0
1137 183 183 1061
1138 183 184 1061
1139 183 185 887
1140 183 196 887
1141 183 192 1029
1142 183 186 1029
1143 183 186 1085
1144 183 185 1085
1145 184 197 1122
1146 184 184 1122
1147 184 187 1087
1148 184 185 1087
1149 184 186 0
1150 184 202 1003
1151 184 200 1003
1152 184 185 1130
1153 184 184 1130
1154 184 186 1130
1155 184 184 711
1156 184 185 711
1157 184 184 1114
1158 184 185 1114
1159 184 184 711
1160 184 184 1114
1161 185 203 1015
1162 185 202 1015
1163 185 189 1109
1164 185 198 1109
1165 185 190 1146
1166 185 187 1146
1167 185 187 1108
1168 185 185 1108
1169 185 185 777
1170 185 204 777
1171 185 185 1079
1172 185 187 1079
1173 185 185 1079
1174 185 185 990
1175 185 187 990
1176 185 193 1138
1177 185 191 1138
1178 185 191 482
1179 185 186 482
1180 185 247 382
1181 185 248 382
1182 185 198 1076
1183 185 200 1076
1184 186 196 1135
1185 186 197 1135
1186 186 186 1124
1187 186 187 1124
1188 186 186 955
1189 186 191 955
1190 186 186 821
1191 186 187 821
1192 186 186 0
1193 186 208 813
1194 186 208 813
1195 186 188 1156
1196 186 191 1156
1197 186 186 1158
1198 186 188 1158
1199 186 189 1158
1200 186 189 1035
1201 186 188 1035
1202 186 205 1065
1203 186 190 1065
1204 186 234 0
1205 187 194 1058
1206 187 188 1058
1207 187 188 1154
1208 187 188 1154
1209 187 188 1097
1210 187 198 1097
1211 187 199 1033
1212 187 200 1033
1213 187 188 1179
1214 187 193 1179
1215 187 222 57
1216 187 211 57
1217 187 187 1143
1218 187 187 1143
1219 188 191 1105
1220 188 192 1105
1221 188 227 1167
1222 188 209 1167
1223 188 188 1147
1224 188 198 1147
1225 188 189 1147
1226 188 188 1166
1227 188 191 1166
1228 188 189 1172
1229 188 191 1172
1230 188 198 1187
1231 188 196 1187
1232 188 189 1175
1233 188 191 1175
1234 188 233 1191
1235 188 191 1191
1236 188 190 1081
1237 188 189 1081
1238 188 190 1133
1239 188 188 1133
1240 188 216 995
1241 188 192 995
1242 188 193 1099
1243 188 190 1099
1244 189 195 839
1245 189 204 839
1246 189 190 1092
1247 189 194 1092
1248 189 192 1207
1249 189 190 1207
1250 189 189 1209
1251 189 202 1209
1252 189 212 972
1253 189 214 972
1254 189 189 0
1255 189 194 1198
1256 189 190 1198
1257 189 189 1201
1258 189 190 1201
1259 189 193 1119
1260 189 189 1119
1261 189 194 1084
1262 189 190 1084
1263 189 192 1084
1264 189 189 1084
1265 190 275 1163
1266 190 198 1163
1267 190 190 532
1268 190 193 532
1269 190 201 545
1270 190 249 545
1271 190 191 1232
1272 190 193 1232
1273 190 192 1250
1274 190 192 1250
1275 190 191 1075
1276 190 193 1075
1277 190 213 1260
1278 190 202 1260
1279 190 190 1264
1280 190 195 1264
1281 191 197 0
1282 191 191 1246
1283 191 192 1246
1284 191 193 403
1285 191 192 403
1286 191 192 883
1287 191 195 883
1288 191 191 1249
1289 191 191 1249
1290 191 192 1032
1291 191 195 1032
1292 191 195 1238
1293 191 199 1238
1294 191 191 1256
1295 191 197 1256
1296 191 200 1258
1297 191 194 1258
1298 191 193 1256
1299 191 197 0
1300 191 199 0
1301 192 199 1227
1302 192 213 1227
1303 192 195 1227
1304 192 196 1229
1305 192 195 1229
1306 192 192 1189
1307 192 193 1189
1308 192 195 1235
1309 192 197 1235
1310 192 201 1095
1311 192 192 1095
1312 192 196 1196
1313 192 192 1196
1314 192 194 1294
1315 192 195 1294
1316 192 192 1178
1317 192 193 1178
1318 192 192 1294
1319 192 196 862
1320 192 204 862
1321 193 265 0
1322 193 197 1220
1323 193 194 1220
1324 193 193 1283
1325 193 244 1283
1326 193 197 1094
1327 193 195 1094
1328 193 194 1285
1329 193 194 1285
1330 193 193 1286
1331 193 193 1286
1332 193 196 931
1333 193 201 931
1334 193 217 1141
1335 193 200 1141
1336 193 195 1248
1337 193 193 1248
1338 193 195 1098
1339 193 199 1098
1340 193 193 934
1341 193 210 934
1342 193 203 1313
1343 193 199 1313
1344 193 202 1316
1345 193 193 1316
1346 193 197 1263
1347 193 200 1263
1348 193 193 817
1349 193 199 817
1350 194 201 0
1351 194 195 1324
1352 194 209 1324
1353 194 197 1324
1354 194 203 1268
1355 194 207 1268
1356 194 212 1284
1357 194 221 1284
1358 194 198 1330
1359 194 194 1330
1360 194 198 1307
1361 194 201 1307
1362 194 194 1337
1363 194 194 1337
1364 194 197 1340
1365 194 216 1340
1366 194 204 1276
1367 194 210 1276
1368 194 199 1317
1369 194 196 1317
1370 194 200 1259
1371 194 219 1259
1372 194 202 804
1373 194 197 804
1374 194 198 1348
1375 194 197 1348
1376 195 198 1323
1377 195 195 1323
1378 195 196 477
1379 195 195 477
1380 195 196 1205
1381 195 198 1205
1382 195 195 1205
1383 195 196 1328
1384 195 202 1328
1385 195 197 1205
1386 195 199 1329
1387 195 202 1329
1388 195 199 688
1389 195 196 688
1390 195 197 478
1391 195 236 478
1392 195 198 1314
1393 195 198 1314
1394 195 199 1297
1395 195 198 1297
1396 195 195 0
1397 196 208 1303
1398 196 208 1303
1399 196 197 1305
1400 196 197 1305
1401 196 199 1327
1402 196 200 1327
1403 196 196 1382
1404 196 196 1382
1405 196 196 1336
1406 196 196 1336
1407 196 201 1336
1408 196 196 1291
1409 196 197 1291
1410 196 216 45
1411 196 197 45
1412 196 196 0
1413 196 206 1280
1414 196 196 1280
1415 196 205 134
1416 196 202 134
1417 197 206 1378
1418 197 281 1378
1419 197 197 1405
1420 197 199 1405
1421 197 197 0
1422 197 198 1369
1423 197 201 1369
1424 197 200 1319
1425 197 198 1319
1426 198 201 1322
1427 198 205 1322
1428 198 198 1185
1429 198 201 1185
1430 198 199 1185
1431 198 207 1353
1432 198 206 1353
1433 198 213 1399
1434 198 203 1399
1435 198 199 1309
1436 198 243 1309
1437 198 199 1419
1438 198 199 1419
1439 198 198 689
1440 198 198 689
1441 198 199 1419
1442 198 205 1364
1443 198 200 1364
1444 198 199 1409
1445 198 210 1409
1446 198 199 1346
1447 198 198 1346
1448 199 200 1224
1449 199 205 1224
1450 199 199 1428
1451 199 199 1428
1452 199 203 1230
1453 199 200 1230
1454 199 200 1360
1455 199 199 1360
1456 199 199 1381
1457 199 201 1381
1458 199 200 1392
1459 199 202 1392
1460 199 200 1393
1461 199 199 1393
1462 199 199 1395
1463 199 200 1395
1464 199 200 1182
1465 199 203 1182
1466 199 201 703
1467 199 200 703
1468 200 201 1450
1469 200 200 1450
1470 200 202 1456
1471 200 204 1456
1472 200 211 1388
1473 200 212 1388
1474 200 203 1438
1475 200 200 1438
1476 200 203 1441
1477 200 200 1441
1478 200 208 722
1479 200 209 722
1480 200 201 1339
1481 200 225 1339
1482 200 200 1339
1483 200 201 1293
1484 200 200 1293
1485 200 210 1368
1486 200 200 1368
1487 200 204 1349
1488 200 203 1349
1489 200 201 0
1490 201 201 1018
1491 201 208 1018
1492 201 201 1453
1493 201 204 1453
1494 201 209 1454
1495 201 202 1454
1496 201 204 1402
1497 201 216 1402
1498 201 201 1454
1499 201 201 959
1500 201 209 959
1501 201 244 1335
1502 201 207 1335
1503 201 201 1484
1504 201 203 1484
1505 201 278 1212
1506 201 274 1212
1507 201 201 1464
1508 201 240 1464
1509 201 207 1458
1510 201 201 1458
1511 201 226 1296
1512 201 204 1296
1513 201 204 1460
1514 201 202 1460
1515 201 220 1296
1516 201 202 1463
1517 201 204 1463
1518 201 202 1424
1519 201 203 1424
1520 201 211 1183
1521 201 201 1183
1522 201 202 1347
1523 201 201 1347
1524 202 211 776
1525 202 219 776
1526 202 204 1468
1527 202 203 1468
1528 202 204 1429
1529 202 202 1429
1530 202 205 1457
1531 202 203 1457
1532 202 202 1457
1533 202 221 1333
1534 202 238 1333
1535 202 204 1499
1536 202 202 1499
1537 202 207 1407
1538 202 204 1407
1539 202 203 1310
1540 202 204 1310
1541 202 203 1480
1542 202 202 1480
1543 202 204 1503
1544 202 203 1503
1545 202 220 1507
1546 202 224 1507
1547 202 202 1423
1548 202 204 1423
1549 202 205 1466
1550 202 202 1466
1551 203 204 1495
1552 203 204 1495
1553 203 209 1387
1554 203 207 1387
1555 203 206 1022
1556 203 207 1022
1557 203 211 1251
1558 203 205 1251
1559 203 203 1459
1560 203 205 1459
1561 203 206 1518
1562 203 208 1518
1563 203 204 1278
1564 203 205 1278
1565 203 206 1278
1566 203 203 1522
1567 203 203 1522
1568 203 203 1372
1569 203 205 1372
1570 204 204 0
1571 204 218 1161
1572 204 219 1161
1573 204 205 1452
1574 204 204 1452
1575 204 206 1452
1576 204 208 1434
1577 204 206 1434
1578 204 205 1476
1579 204 209 1476
1580 204 207 1031
1581 204 217 1031
1582 204 205 1031
1583 204 206 1541
1584 204 226 1541
1585 204 212 1342
1586 204 209 1342
1587 204 205 1504
1588 204 206 1504
1589 204 209 1559
1590 204 207 1559
1591 204 206 1567
1592 204 232 1567
1593 204 299 0
1594 205 211 1526
1595 205 205 1526
1596 205 214 1245
1597 205 209 1245
1598 205 206 1528
1599 205 205 1528
1600 205 209 1170
1601 205 208 1170
1602 205 205 1551
1603 205 206 1551
1604 205 206 1496
1605 205 208 1496
1606 205 233 987
1607 205 216 987
1608 205 212 1535
1609 205 208 1535
1610 205 212 1540
1611 205 251 1540
1612 205 206 1513
1613 205 209 1513
1614 205 211 1548
1615 205 206 1548
1616 205 205 1517
1617 205 206 1517
1618 205 206 1487
1619 205 270 1487
1620 205 205 0
1621 206 206 1449
1622 206 207 1449
1623 206 206 1449
1624 206 215 1427
1625 206 213 1427
1626 206 208 1573
1627 206 214 1573
1628 206 211 1530
1629 206 215 1530
1630 206 212 884
1631 206 206 884
1632 206 207 1530
1633 206 207 1602
1634 206 206 1602
1635 206 206 884
1636 206 206 884
1637 206 212 884
1638 206 209 1582
1639 206 210 1582
1640 206 237 1442
1641 206 214 1442
1642 206 206 0
1643 206 210 1587
1644 206 208 1587
1645 206 209 1549
1646 206 227 1549
1647 206 209 1202
1648 206 210 1202
1649 206 213 1569
1650 206 214 1569
1651 206 207 1415
1652 206 208 1415
1653 206 209 1415
1654 207 214 1598
1655 207 213 1598
1656 207 207 1417
1657 207 275 1417
1658 207 223 1417
1659 207 207 1432
1660 207 215 1432
1661 207 213 1604
1662 207 211 1604
1663 207 213 1631
1664 207 208 1631
1665 207 212 767
1666 207 209 767
1667 207 207 1583
1668 207 209 1583
1669 207 209 1615
1670 207 208 1615
1671 207 207 1617
1672 207 208 1617
1673 207 209 1561
1674 207 208 1561
1675 207 209 1565
1676 207 207 1565
1677 207 208 1591
1678 207 212 1591
1679 207 210 1413
1680 207 207 1413
1681 207 239 1618
1682 207 211 1618
1683 207 208 0
1684 208 216 1622
1685 208 209 1622
1686 208 209 1355
1687 208 209 1355
1688 208 212 0
1689 208 208 1633
1690 208 210 1633
1691 208 208 1632
1692 208 211 1632
1693 208 210 1556
1694 208 208 1556
1695 208 209 1502
1696 208 208 1502
1697 208 211 1509
1698 208 208 1509
1699 208 218 1509
1700 208 208 1590
1701 208 209 1590
1702 208 209 1680
1703 208 208 1680
1704 208 212 795
1705 208 229 795
1706 209 212 0
1707 209 250 1397
1708 209 212 1397
1709 209 212 1491
1710 209 216 1491
1711 209 209 1398
1712 209 213 1398
1713 209 218 1626
1714 209 221 1626
1715 209 210 1576
1716 209 213 1576
1717 209 209 1689
1718 209 209 1689
1719 209 209 1689
1720 209 214 1605
1721 209 212 1605
1722 209 209 1664
1723 209 209 1664
1724 209 213 1691
1725 209 209 1691
1726 209 258 0
1727 209 215 1194
1728 209 216 1194
1729 209 210 1672
1730 209 211 1672
1731 209 210 1670
1732 209 209 1670
1733 209 215 1677
1734 209 222 1677
1735 209 212 1703
1736 209 215 1703
1737 210 212 1222
1738 210 213 1222
1739 210 214 1685
1740 210 211 1685
1741 210 210 1597
1742 210 211 1597
1743 210 212 1685
1744 210 217 1600
1745 210 211 1600
1746 210 233 1352
1747 210 247 1352
1748 210 212 1687
1749 210 210 1687
1750 210 213 1722
1751 210 210 1722
1752 210 216 1553
1753 210 210 1553
1754 210 210 1717
1755 210 218 1717
1756 210 227 1666
1757 210 213 1666
1758 210 214 1579
1759 210 214 1579
1760 210 217 1479
1761 210 219 1479
1762 210 210 1500
1763 210 211 1500
1764 210 211 1695
1765 210 210 1695
1766 210 211 1668
1767 210 212 1668
1768 210 225 0
1769 210 215 1613
1770 210 211 1613
1771 210 212 1589
1772 210 210 1589
1773 210 214 1673
1774 210 218 1673
1775 210 220 1701
1776 210 221 1701
1777 210 212 1675
1778 210 210 1675
1779 210 210 1702
1780 210 221 1702
1781 210 211 1653
1782 210 233 1653
1783 211 217 1125
1784 211 223 1125
1785 211 211 1754
1786 211 212 1754
1787 211 212 1751
1788 211 212 1751
1789 211 211 1751
1790 211 211 1693
1791 211 241 1693
1792 211 223 0
1793 211 211 1367
1794 211 244 1367
1795 211 211 1643
1796 211 214 1643
1797 211 212 1731
1798 211 213 1731
1799 211 216 1648
1800 211 218 1648
1801 211 212 1679
1802 211 216 1679
1803 211 229 0
1804 212 223 1594
1805 212 221 1594
1806 212 212 1785
1807 212 223 1785
1808 212 232 1472
1809 212 259 1472
1810 212 213 1763
1811 212 213 1763
1812 212 212 1557
1813 212 216 1557
1814 212 217 1764
1815 212 216 1764
1816 212 219 1793
1817 212 251 1793
1818 212 217 1009
1819 212 212 1009
1820 212 220 616
1821 212 241 616
1822 212 213 1795
1823 212 216 1795
1824 212 221 1730
1825 212 213 1730
1826 212 223 1520
1827 212 214 1520
1828 212 226 1216
1829 212 225 1216
1830 212 238 1682
1831 212 233 1682
1832 212 214 1781
1833 212 219 1781
1834 213 215 661
1835 213 213 661
1836 213 214 1743
1837 213 213 1743
1838 213 223 1748
1839 213 214 1748
1840 213 214 1806
1841 213 215 1806
1842 213 215 1356
1843 213 214 1356
1844 213 215 0
1845 213 213 1806
1846 213 220 1637
1847 213 215 1637
1848 213 213 1473
1849 213 226 1473
1850 213 222 1812
1851 213 215 1812
1852 213 213 1767
1853 213 224 1767
1854 213 220 1585
1855 213 213 1585
1856 213 258 1585
1857 213 221 1771
1858 213 215 1771
1859 213 213 1735
1860 213 219 1735
1861 213 229 1704
1862 213 215 1704
1863 214 218 0
1864 214 224 0
1865 214 215 1302
1866 214 226 1302
1867 214 215 1738
1868 214 224 1738
1869 214 214 1712
1870 214 219 1712
1871 214 214 1433
1872 214 217 1433
1873 214 214 1661
1874 214 215 1661
1875 214 218 1750
1876 214 214 1750
1877 214 216 1663
1878 214 214 1663
1879 214 214 1845
1880 214 214 1845
1881 214 215 1750
1882 214 214 1757
1883 214 216 1757
1884 214 277 1848
1885 214 225 1848
1886 214 299 1810
1887 214 214 1810
1888 214 215 1811
1889 214 232 1811
1890 214 214 1798
1891 214 227 1798
1892 214 216 1825
1893 214 218 1825
1894 214 215 1277
1895 214 238 1277
1896 214 216 1859
1897 214 214 1859
1898 214 214 0
1899 215 216 1836
1900 215 220 1836
1901 215 226 1654
1902 215 224 1654
1903 215 217 1839
1904 215 218 1839
1905 215 271 0
1906 215 217 1871
1907 215 222 1871
1908 215 216 1873
1909 215 220 1873
1910 215 215 1876
1911 215 233 1876
1912 215 237 1720
1913 215 223 1720
1914 215 216 1879
1915 215 217 1879
1916 215 217 1876
1917 215 232 1876
1918 215 215 1758
1919 215 217 1758
1920 215 216 0
1921 215 217 1796
1922 215 222 1796
1923 215 220 1253
1924 215 249 1253
1925 215 217 1796
1926 215 215 1773
1927 215 215 1773
1928 215 218 1890
1929 215 215 1890
1930 215 223 1890
1931 215 225 1650
1932 215 299 1650
1933 215 274 1650
1934 215 224 1832
1935 215 221 1832
1936 215 299 65
1937 215 215 65
1938 216 223 1834
1939 216 216 1834
1940 216 227 1629
1941 216 220 1629
1942 216 216 1660
1943 216 216 1660
1944 216 217 1629
1945 216 216 1841
1946 216 216 1841
1947 216 221 1842
1948 216 231 1842
1949 216 221 414
1950 216 223 414
1951 216 216 1888
1952 216 223 1888
1953 216 220 1851
1954 216 219 1851
1955 216 217 1727
1956 216 218 1727
1957 216 218 1927
1958 216 225 1927
1959 216 217 1894
1960 216 218 1894
1961 216 230 1894
1962 216 220 1736
1963 216 236 1736
1964 217 219 1710
1965 217 232 1710
1966 217 233 1684
1967 217 219 1684
1968 217 218 1899
1969 217 217 1899
1970 217 220 1908
1971 217 217 1908
1972 217 219 1607
1973 217 219 1607
1974 217 217 1497
1975 217 217 1497
1976 217 218 1752
1977 217 220 1752
1978 217 219 1914
1979 217 217 1914
1980 217 218 1946
1981 217 218 1946
1982 217 225 1883
1983 217 226 1883
1984 217 253 1951
1985 217 219 1951
1986 217 240 1365
1987 217 222 1365
1988 217 219 1728
1989 217 217 1728
1990 217 242 1410
1991 217 251 1410
1992 217 223 1240
1993 217 282 1240
1994 217 217 0
1995 217 218 1802
1996 217 223 1802
1997 218 233 1974
1998 218 221 1974
1999 218 219 1944
2000 218 218 1944
2001 218 218 1919
2002 218 220 1919
2003 218 218 1919
2004 218 222 1916
2005 218 224 1916
2006 218 227 1334
2007 218 220 1334
2008 218 222 1919
2009 218 220 1581
2010 218 218 1581
2011 218 224 1818
2012 218 224 1818
2013 218 220 1921
2014 218 232 1921
2015 218 221 1959
2016 218 218 1959
2017 219 219 1968
2018 219 223 1968
2019 219 219 1904
2020 219 219 1904
2021 219 220 1904
2022 219 220 2000
2023 219 222 2000
2024 219 225 1875
2025 219 231 1875
2026 219 224 1980
2027 219 231 1980
2028 219 220 2001
2029 219 222 2001
2030 219 219 1755
2031 219 257 1755
2032 219 219 2003
2033 219 221 2003
2034 219 219 1956
2035 219 221 1956
2036 219 222 1699
2037 219 223 1699
2038 219 239 1928
2039 219 244 1928
2040 219 219 1893
2041 219 220 1893
2042 219 219 1928
2043 219 219 1957
2044 219 220 1957
2045 219 238 1800
2046 219 223 1800
2047 219 226 2016
2048 219 222 2016
2049 220 223 0
2050 220 222 1572
2051 220 220 1572
2052 220 224 1967
2053 220 221 1967
2054 220 225 1870
2055 220 223 1870
2056 220 276 1525
2057 220 221 1525
2058 220 220 2020
2059 220 221 2020
2060 220 272 2032
2061 220 221 2032
2062 220 227 1978
2063 220 226 1978
2064 220 225 1761
2065 220 243 1761
2066 220 230 1985
2067 220 220 1985
2068 220 223 0
2069 220 223 2032
2070 220 250 1816
2071 220 244 1816
2072 220 222 1988
2073 220 220 1988
2074 220 220 2043
2075 220 220 2043
2076 220 285 1371
2077 220 245 1371
2078 220 227 1860
2079 220 222 1860
2080 221 245 0
2081 221 222 1970
2082 221 221 1970
2083 221 222 1941
2084 221 221 1941
2085 221 221 1909
2086 221 228 1909
2087 221 224 2022
2088 221 221 2022
2089 221 221 2028
2090 221 222 2028
2091 221 221 1977
2092 221 225 1977
2093 221 224 1977
2094 221 221 1953
2095 221 222 1953
2096 221 227 1953
2097 221 239 1854
2098 221 221 1854
2099 221 225 1854
2100 221 230 2013
2101 221 221 2013
2102 221 222 1923
2103 221 261 1923
2104 221 229 2041
2105 221 250 2041
2106 221 222 2074
2107 221 221 2074
2108 221 261 680
2109 221 221 680
2110 222 224 2059
2111 222 222 2059
2112 222 274 1947
2113 222 243 1947
2114 222 230 1998
2115 222 224 1998
2116 222 258 1357
2117 222 228 1357
2118 222 222 2061
2119 222 223 2061
2120 222 249 1533
2121 222 222 1533
2122 222 240 2035
2123 222 225 2035
2124 222 224 759
2125 222 230 759
2126 222 230 1780
2127 222 227 1780
2128 223 241 2081
2129 223 244 2081
2130 223 240 2083
2131 223 271 2083
2132 223 240 413
2133 223 278 413
2134 223 226 2095
2135 223 224 2095
2136 223 224 2072
2137 223 223 2072
2138 223 225 1922
2139 223 223 1922
2140 223 224 2106
2141 223 225 2106
2142 223 232 1215
2143 223 226 1215
2144 223 224 2079
2145 223 236 2079
2146 223 240 0
2147 224 239 1938
2148 224 226 1938
2149 224 226 2018
2150 224 226 2018
2151 224 224 1784
2152 224 235 1784
2153 224 227 2055
2154 224 224 2055
2155 224 224 2055
2156 224 224 2119
2157 224 299 2119
2158 224 236 1950
2159 224 235 1950
2160 224 224 2119
2161 224 229 2069
2162 224 224 2069
2163 224 265 1792
2164 224 253 1792
2165 224 227 1792
2166 224 225 2037
2167 224 227 2037
2168 224 227 2037
2169 224 232 2037
2170 224 233 1992
2171 224 238 1992
2172 224 229 1930
2173 224 231 1930
2174 224 226 1826
2175 224 228 1826
2176 224 253 1996
2177 224 225 1996
2178 225 244 2052
2179 225 228 2052
2180 225 229 1868
2181 225 237 1868
2182 225 225 2110
2183 225 225 2110
2184 225 233 1902
2185 225 236 1902
2186 225 225 2151
2187 225 226 2151
2188 225 229 0
2189 225 249 2026
2190 225 225 2026
2191 225 229 2093
2192 225 231 2093
2193 225 231 2115
2194 225 226 2115
2195 225 233 0
2196 225 231 2005
2197 225 230 2005
2198 225 226 2160
2199 225 226 2160
2200 225 225 2156
2201 225 289 2156
2202 225 225 1853
2203 225 229 1853
2204 225 225 2011
2205 225 226 2011
2206 225 225 2136
2207 225 229 2136
2208 225 258 974
2209 225 246 974
2210 225 226 2140
2211 225 225 2140
2212 225 228 2140
2213 225 227 2144
2214 225 234 2144
2215 226 246 0
2216 226 244 2182
2217 226 229 2182
2218 226 240 2186
2219 226 237 2186
2220 226 233 2186
2221 226 229 2183
2222 226 229 2183
2223 226 227 2200
2224 226 227 2200
2225 226 242 2064
2226 226 229 2064
2227 226 239 1768
2228 226 230 1768
2229 226 231 2138
2230 226 226 2138
2231 226 276 1931
2232 226 229 1931
2233 226 226 2177
2234 226 231 2177
2235 226 290 1931
2236 226 226 0
2237 227 246 2150
2238 227 231 2150
2239 227 243 1866
2240 227 244 1866
2241 227 227 2150
2242 227 228 1901
2243 227 227 1901
2244 227 229 1901
2245 227 227 0
2246 227 228 1983
2247 227 230 1983
2248 227 242 1849
2249 227 230 1849
2250 227 227 2134
2251 227 229 2134
2252 227 229 0
2253 227 228 2205
2254 227 231 2205
2255 227 228 2199
2256 227 229 2199
2257 227 228 1584
2258 227 239 1584
2259 227 233 1511
2260 227 230 1511
2261 227 229 2174
2262 227 239 2174
2263 227 230 2210
2264 227 231 2210
2265 227 234 2174
2266 227 236 2047
2267 227 227 2047
2268 227 230 2233
2269 227 237 2233
2270 228 229 0
2271 228 239 2241
2272 228 229 2241
2273 228 235 1940
2274 228 229 1940
2275 228 228 2223
2276 228 228 2223
2277 228 230 2062
2278 228 231 2062
2279 228 231 2062
2280 228 228 2062
2281 228 228 2062
2282 228 231 2168
2283 228 231 2168
2284 228 231 921
2285 228 233 921
2286 228 229 2168
2287 228 228 1891
2288 228 230 1891
2289 228 253 1646
2290 228 293 1646
2291 228 228 2213
2292 228 228 2213
2293 228 277 0
2294 229 278 0
2295 229 232 2179
2296 229 230 2179
2297 229 233 2242
2298 229 234 2242
2299 229 230 2275
2300 229 231 2275
2301 229 229 2255
2302 229 229 2255
2303 229 251 2291
2304 229 234 2291
2305 229 231 2292
2306 229 232 2292
2307 230 251 2180
2308 230 243 2180
2309 230 231 2221
2310 230 234 2221
2311 230 230 2301
2312 230 230 2301
2313 230 230 2226
2314 230 231 2226
2315 230 240 2203
2316 230 234 2203
2317 230 232 2251
2318 230 244 2251
2319 230 231 2207
2320 230 230 2207
2321 230 230 2256
2322 230 230 2256
2323 230 257 2261
2324 230 235 2261
2325 230 232 2104
2326 230 238 2104
2327 230 231 2232
2328 230 232 2232
2329 230 235 1861
2330 230 230 1861
2331 231 232 2296
2332 231 240 2296
2333 231 246 2299
2334 231 233 2299
2335 231 240 2299
2336 231 234 0
2337 231 233 2277
2338 231 234 2277
2339 231 231 2247
2340 231 234 2247
2341 231 231 0
2342 231 234 2197
2343 231 233 2197
2344 231 231 2311
2345 231 231 2311
2346 231 232 0
2347 231 231 2321
2348 231 231 2321
2349 231 234 2288
2350 231 239 2288
2351 231 237 2260
2352 231 238 2260
2353 231 233 2263
2354 231 268 2263
2355 231 231 2268
2356 231 233 2268
2357 231 231 2125
2358 231 232 2125
2359 231 245 2126
2360 231 238 2126
2361 231 238 2330
2362 231 236 2330
2363 232 233 2309
2364 232 234 2309
2365 232 232 2192
2366 232 234 2192
2367 232 274 2025
2368 232 233 2025
2369 232 234 2300
2370 232 236 2300
2371 232 234 1948
2372 232 248 1948
2373 232 232 2278
2374 232 243 2278
2375 232 241 2344
2376 232 239 2344
2377 232 244 0
2378 232 242 2193
2379 232 245 2193
2380 232 232 2344
2381 232 248 2314
2382 232 237 2314
2383 232 232 2319
2384 232 240 2319
2385 232 247 2344
2386 232 239 2254
2387 232 239 2254
2388 232 233 2347
2389 232 264 2347
2390 232 234 2284
2391 232 261 2284
2392 232 233 2282
2393 232 232 2282
2394 232 234 2229
2395 232 233 2229
2396 232 236 2173
2397 232 233 2173
2398 232 257 2305
2399 232 235 2305
2400 233 237 1965
2401 233 235 1965
2402 233 235 2373
2403 233 238 2373
2404 233 236 2373
2405 233 233 2380
2406 233 234 2380
2407 233 234 1889
2408 233 233 1889
2409 233 242 0
2410 233 235 2380
2411 233 236 2317
2412 233 251 2317
2413 233 240 2380
2414 233 234 2383
2415 233 237 2383
2416 233 234 2393
2417 233 233 2393
2418 233 233 2169
2419 233 242 2169
2420 233 234 2358
2421 233 235 2358
2422 233 266 2328
2423 233 291 2328
2424 233 280 1592
2425 233 238 1592
2426 234 239 1966
2427 234 251 1966
2428 234 234 2297
2429 234 237 2297
2430 234 243 1966
2431 234 234 1997
2432 234 235 1997
2433 234 235 2337
2434 234 234 2337
2435 234 236 1234
2436 234 235 1234
2437 234 236 2405
2438 234 234 2405
2439 234 234 0
2440 234 239 0
2441 234 235 2388
2442 234 234 2388
2443 234 234 2418
2444 234 238 2418
2445 234 235 2259
2446 234 234 2259
2447 234 238 2418
2448 234 240 2353
2449 234 234 2353
2450 234 235 2356
2451 234 234 2356
2452 235 237 2428
2453 235 235 2428
2454 235 240 2298
2455 235 240 2298
2456 235 235 2364
2457 235 236 2364
2458 235 238 2364
2459 235 236 2369
2460 235 261 2369
2461 235 236 2366
2462 235 236 2366
2463 235 237 2366
2464 235 236 2366
2465 235 241 2340
2466 235 238 2340
2467 235 235 2342
2468 235 298 2342
2469 235 237 2406
2470 235 236 2406
2471 235 237 2407
2472 235 235 2407
2473 235 235 2443
2474 235 235 2443
2475 235 238 2390
2476 235 237 2390
2477 235 255 2390
2478 235 236 2394
2479 235 235 2394
2480 235 247 2214
2481 235 238 2214
2482 235 245 1204
2483 235 241 1204
2484 236 236 2453
2485 236 238 2453
2486 236 239 2273
2487 236 237 2273
2488 236 272 2432
2489 236 237 2432
2490 236 238 2456
2491 236 239 2456
2492 236 242 2152
2493 236 237 2152
2494 236 237 2402
2495 236 236 2402
2496 236 238 2467
2497 236 244 2467
2498 236 263 2467
2499 236 240 2441
2500 236 236 2441
2501 236 239 2473
2502 236 239 2473
2503 236 245 2445
2504 236 241 2445
2505 236 247 2324
2506 236 237 2324
2507 236 267 2450
2508 236 279 2450
2509 236 275 2421
2510 236 265 2421
2511 237 237 2459
2512 237 237 2459
2513 237 237 2459
2514 237 238 2435
2515 237 239 2435
2516 237 237 2158
2517 237 238 2158
2518 237 243 2437
2519 237 240 2437
2520 237 237 2459
2521 237 282 1391
2522 237 270 1391
2523 237 238 2411
2524 237 240 2411
2525 237 240 2478
2526 237 238 2478
2527 237 237 2478
2528 237 241 2396
2529 237 248 2396
2530 237 240 2266
2531 237 239 2266
2532 237 237 1963
2533 237 238 1963
2534 237 237 0
2535 238 240 2400
2536 238 243 2400
2537 238 239 2219
2538 238 241 2219
2539 238 245 2463
2540 238 238 2463
2541 238 238 2512
2542 238 239 2512
2543 238 241 2494
2544 238 238 2494
2545 238 250 1912
2546 238 244 1912
2547 238 238 2494
2548 238 239 2469
2549 238 238 2469
2550 238 239 2471
2551 238 239 2471
2552 238 239 2382
2553 238 238 2382
2554 238 241 2415
2555 238 239 2415
2556 238 242 0
2557 239 242 0
2558 239 246 2490
2559 239 241 2490
2560 239 240 2458
2561 239 239 2458
2562 239 239 2541
2563 239 241 2541
2564 239 240 2540
2565 239 239 2540
2566 239 241 2496
2567 239 239 2496
2568 239 239 2403
2569 239 243 2403
2570 239 258 2517
2571 239 246 2517
2572 239 240 1534
2573 239 247 1534
2574 239 240 2523
2575 239 240 2523
2576 239 245 2475
2577 239 242 2475
2578 239 265 2326
2579 239 252 2326
2580 239 240 2352
2581 239 243 2352
2582 239 243 2447
2583 239 247 2447
2584 239 245 2045
2585 239 243 2045
2586 239 242 2425
2587 239 245 2425
2588 239 240 2533
2589 239 264 2533
2590 239 240 2481
2591 239 250 2481
2592 239 239 2361
2593 239 244 2361
2594 240 241 2147
2595 240 240 2147
2596 240 240 2271
2597 240 244 2271
2598 240 256 2486
2599 240 247 2486
2600 240 241 2568
2601 240 244 2568
2602 240 240 2548
2603 240 240 2548
2604 240 240 2548
2605 240 257 0
2606 240 240 2550
2607 240 249 2550
2608 240 242 2552
2609 240 241 2552
2610 240 299 2097
2611 240 244 2097
2612 240 245 2555
2613 240 242 2555
2614 240 240 2502
2615 240 252 2502
2616 240 243 2350
2617 240 243 2350
2618 240 241 2502
2619 240 243 1681
2620 240 299 1681
2621 240 245 2592
2622 240 247 2592
2623 241 246 2454
2624 241 247 2454
2625 241 241 2454
2626 241 242 2596
2627 241 243 2596
2628 241 241 2535
2629 241 242 2535
2630 241 253 2535
2631 241 256 2560
2632 241 243 2560
2633 241 241 2560
2634 241 241 0
2635 241 241 2564
2636 241 241 2564
2637 241 243 1986
2638 241 282 1986
2639 241 244 2606
2640 241 254 2606
2641 241 242 2604
2642 241 241 2604
2643 241 245 2499
2644 241 241 2499
2645 241 243 2315
2646 241 242 2315
2647 241 246 2614
2648 241 242 2614
2649 241 265 2525
2650 241 243 2525
2651 241 251 2525
2652 241 246 1508
2653 241 247 1508
2654 241 244 2448
2655 241 244 2448
2656 241 250 2530
2657 241 244 2530
2658 241 244 2588
2659 241 242 2588
2660 241 245 2590
2661 241 241 2590
2662 242 242 2594
2663 242 246 2594
2664 242 243 2625
2665 242 244 2625
2666 242 242 2538
2667 242 251 2538
2668 242 242 2563
2669 242 242 2563
2670 242 242 2635
2671 242 242 2635
2672 242 243 2563
2673 242 244 2543
2674 242 245 2543
2675 242 247 2600
2676 242 242 2600
2677 242 242 2635
2678 242 247 2635
2679 242 242 2465
2680 242 244 2465
2681 242 244 2554
2682 242 254 2554
2683 242 247 2644
2684 242 242 2644
2685 242 244 2644
2686 242 242 2483
2687 242 249 2483
2688 243 246 2492
2689 243 276 2492
2690 243 245 2378
2691 243 244 2378
2692 243 252 2668
2693 243 243 2668
2694 243 243 2671
2695 243 243 2671
2696 243 243 2669
2697 243 243 2669
2698 243 245 2679
2699 243 258 2679
2700 243 243 2641
2701 243 255 2641
2702 243 247 2248
2703 243 260 2248
2704 243 244 2225
2705 243 244 2225
2706 243 246 2225
2707 243 243 2225
2708 243 244 2641
2709 243 251 2613
2710 243 251 2613
2711 243 244 2648
2712 243 243 2648
2713 243 243 2648
2714 243 243 2648
2715 243 244 2419
2716 243 250 2419
2717 244 264 2308
2718 244 248 2308
2719 244 244 2632
2720 244 245 2632
2721 244 253 2664
2722 244 245 2664
2723 244 249 2632
2724 244 244 2694
2725 244 246 2694
2726 244 273 0
2727 244 247 2694
2728 244 245 2693
2729 244 245 2693
2730 244 245 2697
2731 244 244 2697
2732 244 246 2672
2733 244 244 2672
2734 244 262 1436
2735 244 246 1436
2736 244 247 2700
2737 244 244 2700
2738 244 249 2714
2739 244 244 2714
2740 244 245 2650
2741 244 260 2650
2742 244 246 2650
2743 244 270 2581
2744 244 258 2581
2745 244 279 2619
2746 244 299 2619
2747 245 288 0
2748 245 256 2178
2749 245 246 2178
2750 245 249 2240
2751 245 250 2240
2752 245 245 2597
2753 245 246 2597
2754 245 248 2597
2755 245 245 2129
2756 245 249 2129
2757 245 257 2719
2758 245 245 2719
2759 245 247 2724
2760 245 248 2724
2761 245 246 2673
2762 245 249 2673
2763 245 245 2601
2764 245 248 2601
2765 245 247 2497
2766 245 245 2497
2767 245 245 2733
2768 245 247 2733
2769 245 247 1501
2770 245 251 1501
2771 245 260 2737
2772 245 246 2737
2773 245 247 2704
2774 245 246 2704
2775 245 249 2737
2776 245 245 2639
2777 245 258 2639
2778 245 246 2681
2779 245 247 2681
2780 245 246 2318
2781 245 245 2318
2782 245 253 2318
2783 245 249 2685
2784 245 247 2685
2785 245 245 2739
2786 245 245 2739
2787 245 249 2039
2788 245 247 2039
2789 245 247 2654
2790 245 248 2654
2791 245 245 2715
2792 245 246 2715
2793 245 249 2655
2794 245 250 2655
2795 245 262 2657
2796 245 249 2657
2797 246 256 2080
2798 246 246 2080
2799 246 255 2752
2800 246 246 2752
2801 246 247 2720
2802 246 246 2720
2803 246 246 2758
2804 246 250 2758
2805 246 260 2690
2806 246 246 2690
2807 246 249 2690
2808 246 299 0
2809 246 247 0
2810 246 261 2379
2811 246 253 2379
2812 246 257 2698
2813 246 247 2698
2814 246 256 2698
2815 246 246 2576
2816 246 248 2576
2817 246 246 2785
2818 246 246 2785
2819 246 247 2740
2820 246 246 2740
2821 246 255 2503
2822 246 268 2503
2823 246 252 2587
2824 246 260 2587
2825 246 252 2359
2826 246 253 2359
2827 246 246 2660
2828 246 246 2660
2829 246 270 2482
2830 246 246 2482
2831 246 288 0
2832 247 259 2237
2833 247 252 2237
2834 247 247 2749
2835 247 249 2749
2836 247 247 2333
2837 247 257 2333
2838 247 249 2800
2839 247 247 2800
2840 247 257 2688
2841 247 283 2688
2842 247 249 2761
2843 247 248 2761
2844 247 249 2735
2845 247 248 2735
2846 247 247 0
2847 247 249 2772
2848 247 253 2772
2849 247 253 2706
2850 247 247 2706
2851 247 248 0
2852 247 247 2815
2853 247 249 2815
2854 247 248 2818
2855 247 258 2818
2856 247 253 2209
2857 247 258 2209
2858 247 248 2792
2859 247 261 2792
2860 248 249 0
2861 248 249 2836
2862 248 278 2836
2863 248 249 2801
2864 248 250 2801
2865 248 258 1747
2866 248 248 1747
2867 248 248 0
2868 248 259 2759
2869 248 261 2759
2870 248 248 2759
2871 248 253 2675
2872 248 257 2675
2873 248 249 2768
2874 248 252 2768
2875 248 248 2765
2876 248 250 2765
2877 248 252 2678
2878 248 256 2678
2879 248 263 2573
2880 248 258 2573
2881 248 248 2773
2882 248 256 2773
2883 248 252 2850
2884 248 249 2850
2885 248 250 2779
2886 248 252 2779
2887 248 249 2784
2888 248 273 2784
2889 248 250 2819
2890 248 250 2819
2891 248 248 2622
2892 248 259 2622
2893 249 249 0
2894 249 249 0
2895 249 250 2372
2896 249 253 2372
2897 249 249 2870
2898 249 250 2870
2899 249 258 2875
2900 249 256 2875
2901 249 286 0
2902 249 263 2764
2903 249 253 2764
2904 249 249 2875
2905 249 249 2381
2906 249 262 2381
2907 249 253 2854
2908 249 249 2854
2909 249 250 2858
2910 249 251 2858
2911 249 249 2858
2912 249 259 1181
2913 249 249 1181
2914 249 250 2790
2915 249 257 2790
2916 249 253 2529
2917 249 249 2529
2918 249 256 2858
2919 249 249 2891
2920 249 249 2891
2921 250 255 2835
2922 250 262 2835
2923 250 257 2838
2924 250 256 2838
2925 250 264 2861
2926 250 250 2861
2927 250 251 2863
2928 250 257 2863
2929 250 254 2756
2930 250 250 2756
2931 250 252 2873
2932 250 254 2873
2933 250 251 2807
2934 250 252 2807
2935 250 253 2842
2936 250 253 2842
2937 250 259 2897
2938 250 299 2897
2939 250 253 2873
2940 250 259 0
2941 250 266 2844
2942 250 267 2844
2943 250 257 2120
2944 250 297 2120
2945 250 252 2905
2946 250 259 2905
2947 250 291 2847
2948 250 261 2847
2949 250 252 2775
2950 250 250 2775
2951 250 252 2607
2952 250 253 2607
2953 250 250 0
2954 250 252 2783
2955 250 251 2783
2956 250 251 2853
2957 250 266 2853
2958 250 250 2853
2959 250 250 2908
2960 250 251 2908
2961 250 250 1924
2962 250 254 1924
2963 250 253 2917
2964 250 251 2917
2965 250 259 2911
2966 250 290 2911
2967 250 251 2919
2968 250 250 2919
2969 251 251 0
2970 251 255 2751
2971 251 252 2751
2972 251 253 2864
2973 251 252 2864
2974 251 251 2864
2975 251 265 2804
2976 251 266 2804
2977 251 255 2930
2978 251 264 2930
2979 251 255 2895
2980 251 265 2895
2981 251 253 2876
2982 251 252 2876
2983 251 251 2885
2984 251 252 2885
2985 251 263 2885
2986 251 253 2885
2987 251 253 2959
2988 251 251 2959
2989 251 258 2889
2990 251 252 2889
2991 251 256 2914
2992 251 265 2914
2993 251 285 2716
2994 251 277 2716
2995 251 255 2794
2996 251 251 2794
2997 251 251 2105
2998 251 253 2105
2999 251 258 2794
3000 251 252 2656
3001 251 254 2656
3002 252 255 0
3003 252 252 2427
3004 252 258 2427
3005 252 252 2307
3006 252 254 2307
3007 252 262 2667
3008 252 270 2667
3009 252 273 2770
3010 252 262 2770
3011 252 253 1611
3012 252 273 1611
3013 252 252 1817
3014 252 254 1817
3015 252 260 0
3016 252 259 2710
3017 252 252 2710
3018 252 253 2956
3019 252 253 2956
3020 252 255 2709
3021 252 253 2709
3022 252 256 2960
3023 252 252 2960
3024 252 255 2960
3025 252 253 1991
3026 252 252 1991
3027 252 258 2303
3028 252 255 2303
3029 252 253 2967
3030 252 252 2967
3031 253 253 0
3032 253 253 3003
3033 253 259 3003
3034 253 255 2833
3035 253 253 2833
3036 253 258 2971
3037 253 254 2971
3038 253 256 2931
3039 253 255 2931
3040 253 263 2692
3041 253 259 2692
3042 253 253 2934
3043 253 267 2934
3044 253 258 2931
3045 253 261 2877
3046 253 262 2877
3047 253 254 2874
3048 253 258 2874
3049 253 255 2949
3050 253 253 2949
3051 253 268 0
3052 253 254 2883
3053 253 277 2883
3054 253 256 2984
3055 253 254 2984
3056 253 255 2954
3057 253 255 2954
3058 253 268 3023
3059 253 255 3023
3060 253 266 3023
3061 253 255 3023
3062 253 253 3000
3063 253 257 3000
3064 254 254 2721
3065 254 255 2721
3066 254 254 2630
3067 254 257 2630
3068 254 254 2972
3069 254 256 2972
3070 254 265 2871
3071 254 257 2871
3072 254 254 2896
3073 254 273 2896
3074 254 255 2935
3075 254 256 2935
3076 254 260 2981
3077 254 257 2981
3078 254 263 3050
3079 254 255 3050
3080 254 256 2952
3081 254 256 2952
3082 254 257 2782
3083 254 259 2782
3084 254 254 2782
3085 254 258 3018
3086 254 254 3018
3087 254 254 2987
3088 254 254 2987
3089 254 259 3025
3090 254 258 3025
3091 254 278 2916
3092 254 256 2916
3093 254 254 2963
3094 254 258 2963
3095 254 256 2998
3096 254 260 2998
3097 254 254 2176
3098 254 254 2176
3099 254 255 3029
3100 254 263 3029
3101 255 255 0
3102 255 261 0
3103 255 255 3006
3104 255 271 3006
3105 255 256 3064
3106 255 255 3064
3107 255 256 3068
3108 255 255 3068
3109 255 255 2929
3110 255 256 2929
3111 255 255 2932
3112 255 256 2932
3113 255 262 3047
3114 255 257 3047
3115 255 261 0
3116 255 255 3052
3117 255 267 3052
3118 255 265 2640
3119 255 255 2640
3120 255 264 3014
3121 255 257 3014
3122 255 260 2682
3123 255 263 2682
3124 255 257 2962
3125 255 256 2962
3126 255 257 3086
3127 255 255 3086
3128 255 258 3087
3129 255 289 3087
3130 255 256 3097
3131 255 260 3097
3132 256 258 2970
3133 256 260 2970
3134 256 261 2970
3135 256 262 2799
3136 256 258 2799
3137 256 258 3065
3138 256 257 3065
3139 256 258 3109
3140 256 256 3109
3141 256 256 3039
3142 256 260 3039
3143 256 257 2977
3144 256 256 2977
3145 256 280 2979
3146 256 279 2979
3147 256 257 3074
3148 256 261 3074
3149 256 258 3111
3150 256 256 3111
3151 256 256 3074
3152 256 257 3049
3153 256 257 3049
3154 256 258 3116
3155 256 257 3116
3156 256 272 3079
3157 256 258 3079
3158 256 256 3056
3159 256 256 3056
3160 256 259 3020
3161 256 256 3020
3162 256 264 2477
3163 256 258 2477
3164 256 276 2821
3165 256 270 2821
3166 256 256 3061
3167 256 261 3061
3168 256 261 3099
3169 256 256 3099
3170 257 299 0
3171 257 258 2797
3172 257 258 2797
3173 257 258 3105
3174 257 257 3105
3175 257 257 3105
3176 257 261 2598
3177 257 260 2598
3178 257 257 3140
3179 257 262 3140
3180 257 257 3107
3181 257 260 3107
3182 257 262 3038
3183 257 261 3038
3184 257 259 3107
3185 257 258 3107
3186 257 259 3150
3187 257 257 3150
3188 257 263 2814
3189 257 257 2814
3190 257 266 3054
3191 257 257 3054
3192 257 257 3080
3193 257 261 3080
3194 257 259 3081
3195 257 261 3081
3196 257 258 3158
3197 257 257 3158
3198 257 257 3022
3199 257 258 3022
3200 257 260 3158
3201 257 260 2991
3202 257 267 2991
3203 257 262 3095
3204 257 257 3095
3205 257 257 3130
3206 257 263 3130
3207 257 260 3169
3208 257 259 3169
3209 258 258 3067
3210 258 258 3067
3211 258 262 2757
3212 258 262 2757
3213 258 262 2928
3214 258 259 2928
3215 258 260 3175
3216 258 258 3175
3217 258 260 3180
3218 258 267 3180
3219 258 258 2928
3220 258 260 3143
3221 258 260 3143
3222 258 258 3071
3223 258 261 3071
3224 258 258 3071
3225 258 259 3147
3226 258 264 3147
3227 258 261 3071
3228 258 261 2943
3229 258 265 2943
3230 258 263 3114
3231 258 261 3114
3232 258 258 3189
3233 258 264 3189
3234 258 260 3155
3235 258 263 3155
3236 258 260 3191
3237 258 262 3191
3238 258 264 3121
3239 258 270 3121
3240 258 258 3198
3241 258 258 3198
3242 258 265 3126
3243 258 258 3126
3244 258 258 3124
3245 258 262 3124
3246 258 258 2323
3247 258 263 2323
3248 258 260 3063
3249 258 259 3063
3250 258 259 3205
3251 258 258 3205
3252 259 262 3036
3253 259 261 3036
3254 259 275 3004
3255 259 270 3004
3256 259 259 3172
3257 259 261 3172
3258 259 260 3173
3259 259 261 3173
3260 259 262 3136
3261 259 263 3136
3262 259 259 3173
3263 259 259 3137
3264 259 299 3137
3265 259 260 3209
3266 259 259 3209
3267 259 272 2899
3268 259 270 2899
3269 259 264 2570
3270 259 263 2570
3271 259 260 3154
3272 259 259 3154
3273 259 259 3154
3274 259 259 3157
3275 259 259 3157
3276 259 278 1726
3277 259 259 1726
3278 259 261 2208
3279 259 259 2208
3280 259 259 3196
3281 259 261 3196
3282 259 262 3128
3283 259 267 3128
3284 259 262 2855
3285 259 259 2855
3286 259 259 2857
3287 259 260 2857
3288 259 260 2989
3289 259 259 2989
3290 259 260 3241
3291 259 259 3241
3292 259 259 3199
3293 259 259 3199
3294 259 260 3094
3295 259 281 3094
3296 259 259 2744
3297 259 259 2744
3298 259 261 2999
3299 259 275 2999
3300 259 263 3027
3301 259 259 3027
3302 260 262 0
3303 260 266 2832
3304 260 269 2832
3305 260 261 3263
3306 260 282 3263
3307 260 260 2868
3308 260 269 2868
3309 260 263 2937
3310 260 263 2937
3311 260 261 3186
3312 260 260 3186
3313 260 272 3186
3314 260 260 1809
3315 260 260 1809
3316 260 261 1809
3317 260 263 3272
3318 260 260 3272
3319 260 262 3280
3320 260 261 3280
3321 260 260 3083
3322 260 263 3083
3323 260 264 3160
3324 260 261 3160
3325 260 260 2912
3326 260 261 2912
3327 260 261 3089
3328 260 260 3089
3329 260 269 3089
3330 260 266 2965
3331 260 262 2965
3332 260 261 2912
3333 260 260 3250
3334 260 266 3250
3335 261 266 0
3336 261 264 3258
3337 261 276 3258
3338 261 261 3265
3339 261 267 3265
3340 261 265 2805
3341 261 266 2805
3342 261 263 3217
3343 261 262 3217
3344 261 261 3142
3345 261 261 3142
3346 261 269 3076
3347 261 261 3076
3348 261 262 3271
3349 261 262 3271
3350 261 261 3318
3351 261 268 3318
3352 261 263 3290
3353 261 263 3290
3354 261 263 3290
3355 261 261 3288
3356 261 262 3288
3357 261 265 3201
3358 261 266 3201
3359 261 262 3294
3360 261 263 3294
3361 261 261 3096
3362 261 266 3096
3363 261 262 3248
3364 261 262 3248
3365 261 280 3248
3366 261 268 2824
3367 261 262 2824
3368 261 263 3207
3369 261 267 3207
3370 262 262 3134
3371 262 262 3134
3372 262 262 3257
3373 262 278 3257
3374 262 266 3259
3375 262 262 3259
3376 262 262 3338
3377 262 263 3338
3378 262 263 3176
3379 262 262 3176
3380 262 265 2460
3381 262 262 2460
3382 262 266 3148
3383 262 262 3148
3384 262 262 3148
3385 262 263 3227
3386 262 262 3227
3387 262 263 3148
3388 262 263 2810
3389 262 262 2810
3390 262 262 3316
3391 262 262 3316
3392 262 262 3347
3393 262 273 3347
3394 262 286 3193
3395 262 270 3193
3396 262 265 3195
3397 262 266 3195
3398 262 263 3320
3399 262 263 3320
3400 262 264 2391
3401 262 263 2391
3402 262 263 3355
3403 262 279 3355
3404 262 268 3278
3405 262 263 3278
3406 262 264 3326
3407 262 263 3326
3408 262 262 3327
3409 262 271 3327
3410 262 274 3361
3411 262 267 3361
3412 262 264 3298
3413 262 264 3298
3414 262 263 3168
3415 262 262 3168
3416 262 299 0
3417 262 267 2108
3418 262 266 2108
3419 263 278 0
3420 263 265 3252
3421 263 287 3252
3422 263 264 2922
3423 263 269 2922
3424 263 264 3370
3425 263 272 3370
3426 263 264 3211
3427 263 265 3211
3428 263 270 3376
3429 263 263 3376
3430 263 264 3007
3431 263 263 3007
3432 263 265 3213
3433 263 263 3213
3434 263 264 3213
3435 263 264 3179
3436 263 270 3179
3437 263 269 3213
3438 263 263 2734
3439 263 265 2734
3440 263 264 3384
3441 263 263 3384
3442 263 265 3046
3443 263 266 3046
3444 263 264 3113
3445 263 277 3113
3446 263 264 3390
3447 263 265 3390
3448 263 265 3392
3449 263 265 3392
3450 263 263 3392
3451 263 274 3010
3452 263 271 3010
3453 263 267 3245
3454 263 268 3245
3455 263 271 3245
3456 263 272 3408
3457 263 265 3408
3458 263 269 3284
3459 263 269 3284
3460 263 265 3408
3461 263 299 3363
3462 263 263 3363
3463 263 271 3363
3464 263 264 2795
3465 263 269 2795
3466 263 265 0
3467 264 266 3261
3468 264 268 3261
3469 264 265 3378
3470 264 264 3378
3471 264 265 3342
3472 264 264 3342
3473 264 266 3342
3474 264 273 3040
3475 264 266 3040
3476 264 293 3310
3477 264 270 3310
3478 264 265 3385
3479 264 264 3385
3480 264 265 3388
3481 264 266 3388
3482 264 266 3441
3483 264 271 3441
3484 264 289 3230
3485 264 269 3230
3486 264 266 3387
3487 264 268 3387
3488 264 267 3230
3489 264 267 2879
3490 264 270 2879
3491 264 264 3317
3492 264 266 3317
3493 264 266 3317
3494 264 267 3235
3495 264 280 3235
3496 264 264 3352
3497 264 264 3352
3498 264 268 3322
3499 264 267 3322
3500 264 264 3352
3501 264 272 3402
3502 264 269 3402
3503 264 279 3407
3504 264 264 3407
3505 264 266 3360
3506 264 270 3360
3507 264 272 3247
3508 264 281 3247
3509 264 277 3462
3510 264 267 3462
3511 264 267 3414
3512 264 289 3414
3513 264 267 3206
3514 264 264 3206
3515 264 279 3300
3516 264 265 3300
3517 264 267 3368
3518 264 276 3368
3519 265 277 0
3520 265 267 3424
3521 265 266 3424
3522 265 266 2925
3523 265 265 2925
3524 265 266 2717
3525 265 265 2717
3526 265 279 3422
3527 265 267 3422
3528 265 265 2925
3529 265 272 3426
3530 265 267 3426
3531 265 266 3430
3532 265 283 3430
3533 265 282 3435
3534 265 269 3435
3535 265 266 3226
3536 265 265 3226
3537 265 266 3444
3538 265 271 3444
3539 265 268 3446
3540 265 265 3446
3541 265 274 3269
3542 265 266 3269
3543 265 265 0
3544 265 281 3496
3545 265 274 3496
3546 265 266 3496
3547 265 274 3323
3548 265 269 3323
3549 265 265 3500
3550 265 266 3500
3551 265 267 3500
3552 265 265 3496
3553 265 265 3412
3554 265 266 3412
3555 265 299 3464
3556 265 268 3464
3557 265 265 2589
3558 265 265 2589
3559 266 275 1321
3560 266 267 1321
3561 266 270 3469
3562 266 277 3469
3563 266 266 3432
3564 266 269 3432
3565 266 268 3471
3566 266 267 3471
3567 266 273 3380
3568 266 270 3380
3569 266 268 3478
3570 266 267 3478
3571 266 271 3439
3572 266 270 3439
3573 266 272 21
3574 266 299 21
3575 266 268 3448
3576 266 267 3448
3577 266 274 3229
3578 266 275 3229
3579 266 267 3448
3580 266 267 3447
3581 266 281 3447
3582 266 267 3447
3583 266 267 3118
3584 266 268 3118
3585 266 267 0
3586 266 266 3449
3587 266 266 3449
3588 266 267 3242
3589 266 266 3242
3590 266 267 3242
3591 266 275 3457
3592 266 283 3457
3593 266 267 3549
3594 266 267 3549
3595 266 268 3357
3596 266 267 3357
3597 266 269 2992
3598 266 272 2992
3599 267 269 3522
3600 267 269 3522
3601 267 269 3524
3602 267 268 3524
3603 267 268 3374
3604 267 267 3374
3605 267 268 3341
3606 267 270 3341
3607 267 268 3563
3608 267 267 3563
3609 267 276 2976
3610 267 277 2976
3611 267 277 3535
3612 267 270 3535
3613 267 277 3382
3614 267 267 3382
3615 267 268 3382
3616 267 270 3537
3617 267 274 3537
3618 267 270 3486
3619 267 267 3486
3620 267 267 3443
3621 267 268 3443
3622 267 268 3481
3623 267 271 3481
3624 267 271 3486
3625 267 268 3493
3626 267 272 3493
3627 267 272 3492
3628 267 276 3492
3629 267 270 3586
3630 267 273 3586
3631 267 287 3397
3632 267 274 3397
3633 267 270 3190
3634 267 267 3190
3635 267 274 3546
3636 267 271 3546
3637 267 268 3587
3638 267 269 3587
3639 267 267 3589
3640 267 267 3589
3641 267 268 3505
3642 267 269 3505
3643 267 271 3362
3644 267 270 3362
3645 267 270 3334
3646 267 270 3334
3647 267 271 3334
3648 267 268 3334
3649 268 276 3520
3650 268 268 3520
3651 268 268 3218
3652 268 279 3218
3653 268 268 3614
3654 268 271 3614
3655 268 270 3043
3656 268 268 3043
3657 268 271 3488
3658 268 268 3488
3659 268 277 3576
3660 268 284 3576
3661 268 269 3117
3662 268 281 3117
3663 268 268 3494
3664 268 268 3494
3665 268 273 3634
3666 268 268 3634
3667 268 282 3588
3668 268 270 3588
3669 268 273 3453
3670 268 269 3453
3671 268 283 3283
3672 268 270 3283
3673 268 268 3639
3674 268 270 3639
3675 268 268 3593
3676 268 268 3593
3677 268 268 3551
3678 268 271 3551
3679 268 274 2507
3680 268 285 2507
3681 268 269 3517
3682 268 277 3517
3683 268 274 3417
3684 268 268 3417
3685 269 271 3650
3686 269 272 3650
3687 269 270 3468
3688 269 269 3468
3689 269 270 3603
3690 269 274 3603
3691 269 274 3607
3692 269 273 3607
3693 269 290 3607
3694 269 269 3651
3695 269 269 3651
3696 269 270 3569
3697 269 272 3569
3698 269 280 3621
3699 269 274 3621
3700 269 269 3615
3701 269 269 3615
3702 269 269 0
3703 269 269 3539
3704 269 269 3539
3705 269 274 3658
3706 269 273 3658
3707 269 269 3625
3708 269 270 3625
3709 269 270 3584
3710 269 276 3584
3711 269 269 3625
3712 269 299 3404
3713 269 270 3404
3714 269 272 3666
3715 269 276 3666
3716 269 269 3673
3717 269 280 3673
3718 269 272 3673
3719 269 269 3677
3720 269 270 3677
3721 269 269 2822
3722 269 274 2822
3723 269 281 2822
3724 269 270 3648
3725 269 269 3648
3726 270 270 3304
3727 270 273 3304
3728 270 272 3601
3729 270 271 3601
3730 270 275 3599
3731 270 271 3599
3732 270 273 3688
3733 270 270 3688
3734 270 278 3694
3735 270 272 3694
3736 270 285 3308
3737 270 299 3308
3738 270 274 3308
3739 270 271 3700
3740 270 271 3700
3741 270 283 3346
3742 270 273 3346
3743 270 270 3701
3744 270 291 3701
3745 270 270 3703
3746 270 271 3703
3747 270 286 3703
3748 270 270 3707
3749 270 276 3707
3750 270 271 3711
3751 270 275 3711
3752 270 277 3711
3753 270 270 3670
3754 270 270 3670
3755 270 271 0
3756 270 270 3719
3757 270 282 3719
3758 270 272 3721
3759 270 271 3721
3760 270 270 3721
3761 270 270 3597
3762 270 278 3597
3763 270 272 3597
3764 270 271 3465
3765 270 280 3465
3766 270 270 3681
3767 270 271 3681
3768 270 270 3725
3769 270 271 3725
3770 270 270 3725
3771 271 271 3687
3772 271 271 3687
3773 271 271 3689
3774 271 272 3689
3775 271 278 3436
3776 271 274 3436
3777 271 286 3008
3778 271 291 3008
3779 271 271 3606
3780 271 281 3606
3781 271 273 3655
3782 271 271 3655
3783 271 271 3696
3784 271 271 3696
3785 271 272 3568
3786 271 278 3568
3787 271 271 3477
3788 271 274 3477
3789 271 274 3745
3790 271 271 3745
3791 271 271 3629
3792 271 271 3629
3793 271 281 3490
3794 271 292 3490
3795 271 272 3748
3796 271 271 3748
3797 271 278 2522
3798 271 277 2522
3799 271 278 3633
3800 271 277 3633
3801 271 285 3708
3802 271 273 3708
3803 271 279 3629
3804 271 273 3668
3805 271 284 3668
3806 271 274 3674
3807 271 294 3674
3808 271 271 3672
3809 271 277 3672
3810 271 279 3756
3811 271 283 3756
3812 271 274 3713
3813 271 299 3713
3814 271 272 3629
3815 271 272 3756
3816 271 271 3756
3817 271 274 3506
3818 271 299 3506
3819 271 271 3760
3820 271 283 3760
3821 271 271 3644
3822 271 271 3644
3823 271 273 3646
3824 271 271 3646
3825 271 271 3646
3826 271 272 3766
3827 271 276 3766
3828 271 273 3766
3829 271 272 3770
3830 271 298 3770
3831 271 282 2829
3832 271 279 2829
3833 272 278 0
3834 272 272 3771
3835 272 273 3771
3836 272 272 3779
3837 272 272 3779
3838 272 272 3782
3839 272 272 3782
3840 272 272 3739
3841 272 272 3739
3842 272 272 3571
3843 272 274 3571
3844 272 276 3657
3845 272 285 3657
3846 272 272 3792
3847 272 272 3792
3848 272 273 0
3849 272 278 3750
3850 272 282 3750
3851 272 272 3455
3852 272 272 3455
3853 272 272 3636
3854 272 273 3636
3855 272 276 3409
3856 272 273 3409
3857 272 272 3643
3858 272 272 3643
3859 272 289 3824
3860 272 272 3824
3861 272 273 3767
3862 272 273 3767
3863 272 282 3767
3864 272 279 3647
3865 272 279 3647
3866 273 299 3425
3867 273 297 3425
3868 273 299 3686
3869 273 299 3686
3870 273 275 3728
3871 273 273 3728
3872 273 282 3529
3873 273 277 3529
3874 273 274 3774
3875 273 274 3774
3876 273 273 3529
3877 273 273 3774
3878 273 280 3529
3879 273 274 3735
3880 273 274 3735
3881 273 278 3785
3882 273 279 3785
3883 273 276 3837
3884 273 274 3837
3885 273 284 3697
3886 273 277 3697
3887 273 273 3841
3888 273 281 3841
3889 273 276 3840
3890 273 273 3840
3891 273 291 3840
3892 273 275 3840
3893 273 274 3840
3894 273 273 3842
3895 273 280 3842
3896 273 273 3841
3897 273 277 3840
3898 273 274 3313
3899 273 275 3313
3900 273 277 3839
3901 273 299 3839
3902 273 277 3841
3903 273 273 3313
3904 273 273 3840
3905 273 290 3846
3906 273 276 3846
3907 273 273 3795
3908 273 288 3795
3909 273 273 3847
3910 273 273 3847
3911 273 273 3156
3912 273 274 3156
3913 273 281 3156
3914 273 274 3714
3915 273 275 3714
3916 273 280 3847
3917 273 273 3852
3918 273 273 3852
3919 273 279 3501
3920 273 279 3501
3921 273 274 3852
3922 273 274 3456
3923 273 273 3456
3924 273 277 3501
3925 273 275 3815
3926 273 276 3815
3927 273 273 3598
3928 273 274 3598
3929 273 273 3857
3930 273 274 3857
3931 273 274 3829
3932 273 299 3829
3933 273 274 0
3934 274 274 3727
3935 274 299 3727
3936 274 276 3835
3937 274 274 3835
3938 274 274 3835
3939 274 290 3781
3940 274 279 3781
3941 274 276 3474
3942 274 274 3474
3943 274 285 3894
3944 274 299 3894
3945 274 275 3894
3946 274 277 3890
3947 274 275 3890
3948 274 276 3907
3949 274 274 3907
3950 274 275 3802
3951 274 274 3802
3952 274 274 3909
3953 274 275 3909
3954 274 279 3909
3955 274 286 3012
3956 274 283 3012
3957 274 287 3669
3958 274 276 3669
3959 274 278 3804
3960 274 299 3804
3961 274 277 3854
3962 274 274 3854
3963 274 282 3929
3964 274 274 3929
3965 274 279 3927
3966 274 274 3927
3967 274 274 3927
3968 274 284 3823
3969 274 274 3823
3970 274 274 3861
3971 274 274 3861
3972 275 293 3934
3973 275 275 3934
3974 275 275 3874
3975 275 279 3874
3976 275 279 3938
3977 275 279 3938
3978 275 276 3938
3979 275 276 3875
3980 275 275 3875
3981 275 287 3776
3982 275 275 3776
3983 275 281 3776
3984 275 284 3691
3985 275 285 3691
3986 275 276 2367
3987 275 299 2367
3988 275 275 3541
3989 275 279 3541
3990 275 275 3699
3991 275 275 3699
3992 275 285 3617
3993 275 282 3617
3994 275 276 3789
3995 275 277 3789
3996 275 285 3705
3997 275 289 3705
3998 275 279 3789
3999 275 276 3789
4000 275 275 3705
4001 275 299 3451
4002 275 275 3451
4003 275 284 3951
4004 275 275 3951
4005 275 275 3951
4006 275 288 3912
4007 275 276 3912
4008 275 286 3635
4009 275 287 3635
4010 275 279 3812
4011 275 278 3812
4012 275 284 3921
4013 275 288 3921
4014 275 297 3922
4015 275 276 3922
4016 275 276 3962
4017 275 278 3962
4018 275 277 3964
4019 275 278 3964
4020 275 281 3410
4021 275 282 3410
4022 275 281 3817
4023 275 299 3817
4024 275 280 3967
4025 275 275 3967
4026 275 299 3962
4027 275 279 3930
4028 275 299 3930
4029 275 289 3969
4030 275 276 3969
4031 275 299 3683
4032 275 279 3683
4033 276 276 3870
4034 276 282 3870
4035 276 277 1265
4036 276 276 1265
4037 276 293 3559
4038 276 299 3559
4039 276 286 1657
4040 276 277 1657
4041 276 279 3982
4042 276 278 3982
4043 276 276 3988
4044 276 277 3988
4045 276 283 3990
4046 276 276 3990
4047 276 277 3892
4048 276 276 3892
4049 276 277 3892
4050 276 276 0
4051 276 277 3899
4052 276 279 3899
4053 276 278 3578
4054 276 283 3578
4055 276 276 3953
4056 276 276 3953
4057 276 278 3950
4058 276 276 3950
4059 276 279 4002
4060 276 276 4002
4061 276 278 4005
4062 276 280 4005
4063 276 276 3915
4064 276 276 3915
4065 276 277 3751
4066 276 277 3751
4067 276 278 2509
4068 276 280 2509
4069 276 277 3299
4070 276 295 3299
4071 277 278 3337
4072 277 283 3337
4073 277 281 4033
4074 277 281 4033
4075 277 278 3936
4076 277 278 3936
4077 277 283 2056
4078 277 279 2056
4079 277 287 2056
4080 277 277 3979
4081 277 298 3979
4082 277 280 3883
4083 277 278 3883
4084 277 285 3941
4085 277 282 3941
4086 277 278 3986
4087 277 277 3986
4088 277 279 3994
4089 277 277 3994
4090 277 278 4046
4091 277 284 4046
4092 277 282 3906
4093 277 277 3906
4094 277 285 3948
4095 277 282 3948
4096 277 279 4055
4097 277 279 4055
4098 277 279 3628
4099 277 282 3628
4100 277 286 3710
4101 277 278 3710
4102 277 277 4056
4103 277 278 4056
4104 277 279 4007
4105 277 285 4007
4106 277 279 4063
4107 277 277 4063
4108 277 277 4016
4109 277 283 4016
4110 277 280 3164
4111 277 292 3164
4112 277 281 3926
4113 277 278 3926
4114 277 281 3855
4115 277 279 3855
4116 277 277 2231
4117 277 277 2231
4118 277 278 2231
4119 277 278 3827
4120 277 277 3827
4121 278 299 4035
4122 278 299 4035
4123 278 283 3873
4124 278 278 3873
4125 278 286 4080
4126 278 285 4080
4127 278 280 3562
4128 278 279 3562
4129 278 299 4044
4130 278 286 4044
4131 278 280 4047
4132 278 278 4047
4133 278 279 3995
4134 278 279 3995
4135 278 280 4051
4136 278 278 4051
4137 278 279 3897
4138 278 278 3897
4139 278 282 4047
4140 278 284 3659
4141 278 299 3659
4142 278 299 1884
4143 278 281 1884
4144 278 278 4102
4145 278 278 4102
4146 278 280 3809
4147 278 286 3809
4148 278 279 3961
4149 278 285 3961
4150 278 280 4108
4151 278 279 4108
4152 278 278 4108
4153 278 286 2994
4154 278 280 2994
4155 279 295 4075
4156 279 280 4075
4157 279 283 4075
4158 279 287 4071
4159 279 292 4071
4160 279 280 3373
4161 279 281 3373
4162 279 279 4083
4163 279 280 4083
4164 279 284 4083
4165 279 280 3734
4166 279 279 3734
4167 279 282 4086
4168 279 279 4086
4169 279 285 3786
4170 279 284 3786
4171 279 287 4132
4172 279 279 4132
4173 279 281 4136
4174 279 284 4136
4175 279 284 0
4176 279 280 3797
4177 279 282 3797
4178 279 279 4061
4179 279 279 4061
4180 279 280 4061
4181 279 286 0
4182 279 281 3799
4183 279 279 3799
4184 279 299 3276
4185 279 279 3276
4186 279 292 4145
4187 279 279 4145
4188 279 282 1505
4189 279 295 1505
4190 279 281 3849
4191 279 288 3849
4192 279 279 4103
4193 279 281 4103
4194 279 279 3091
4195 279 281 3091
4196 279 285 4017
4197 279 281 4017
4198 279 284 4152
4199 279 279 4152
4200 279 283 3762
4201 279 288 3762
4202 279 279 4118
4203 279 294 4118
4204 279 279 4119
4205 279 281 4119
4206 280 280 3976
4207 280 280 3976
4208 280 283 4041
4209 280 286 4041
4210 280 290 3882
4211 280 288 3882
4212 280 281 4162
4213 280 281 4162
4214 280 281 3146
4215 280 280 3146
4216 280 281 4168
4217 280 283 4168
4218 280 289 4088
4219 280 294 4088
4220 280 299 3989
4221 280 299 3989
4222 280 280 4096
4223 280 281 4096
4224 280 280 4178
4225 280 280 4178
4226 280 280 4059
4227 280 281 4059
4228 280 282 4185
4229 280 286 4185
4230 280 282 4106
4231 280 280 4106
4232 280 281 4148
4233 280 283 4148
4234 280 280 4192
4235 280 280 4192
4236 280 284 3803
4237 280 283 3803
4238 280 289 4010
4239 280 280 4010
4240 280 283 3920
4241 280 282 3920
4242 280 280 3503
4243 280 299 3503
4244 280 282 3503
4245 280 286 3919
4246 280 289 3919
4247 280 281 3965
4248 280 283 3965
4249 280 285 4027
4250 280 281 4027
4251 280 283 3864
4252 280 285 3864
4253 280 281 4202
4254 280 289 4202
4255 280 280 2745
4256 280 280 2745
4257 280 280 4204
4258 280 294 4204
4259 280 293 3832
4260 280 285 3832
4261 281 282 0
4262 281 284 4206
4263 281 283 4206
4264 281 281 4206
4265 281 285 4206
4266 281 281 4206
4267 281 281 3878
4268 281 295 3878
4269 281 281 4206
4270 281 284 4206
4271 281 288 4127
4272 281 281 4127
4273 281 281 4206
4274 281 281 4165
4275 281 281 4165
4276 281 281 4165
4277 281 283 4206
4278 281 282 4131
4279 281 282 4131
4280 281 281 4131
4281 281 285 4225
4282 281 282 4225
4283 281 288 4234
4284 281 285 4234
4285 281 282 4234
4286 281 299 3717
4287 281 282 3717
4288 281 298 4242
4289 281 287 4242
4290 281 299 4110
4291 281 281 4110
4292 281 288 4150
4293 281 281 4150
4294 281 281 3365
4295 281 284 3365
4296 281 296 2424
4297 281 299 2424
4298 281 295 3765
4299 281 282 3765
4300 281 283 4257
4301 281 281 4257
4302 281 287 4256
4303 281 283 4256
4304 282 284 4161
4305 282 297 4161
4306 282 284 4266
4307 282 282 4266
4308 282 282 4269
4309 282 283 4269
4310 282 282 4274
4311 282 283 4274
4312 282 282 1418
4313 282 283 1418
4314 282 288 4212
4315 282 289 4212
4316 282 287 4214
4317 282 287 4214
4318 282 287 4214
4319 282 299 4212
4320 282 291 4173
4321 282 282 4173
4322 282 282 3581
4323 282 283 3581
4324 282 286 4173
4325 282 282 3581
4326 282 283 3581
4327 282 286 4227
4328 282 292 4227
4329 282 285 3544
4330 282 283 3544
4331 282 288 3913
4332 282 284 3913
4333 282 286 4232
4334 282 285 4232
4335 282 283 4193
4336 282 292 4193
4337 282 283 4190
4338 282 282 4190
4339 282 285 4112
4340 282 294 4112
4341 282 282 4195
4342 282 282 4195
4343 282 282 4247
4344 282 282 4247
4345 282 283 3723
4346 282 282 3723
4347 282 286 4197
4348 282 287 4197
4349 282 297 4293
4350 282 299 4293
4351 282 286 3295
4352 282 283 3295
4353 282 290 4247
4354 282 282 4294
4355 282 282 4294
4356 282 285 4253
4357 282 287 4253
4358 282 282 4301
4359 282 283 4301
4360 283 283 0
4361 283 283 0
4362 283 284 3872
4363 283 283 3872
4364 283 284 3872
4365 283 283 4308
4366 283 284 4308
4367 283 283 4310
4368 283 286 4310
4369 283 290 3306
4370 283 284 3306
4371 283 285 4278
4372 283 283 4278
4373 283 283 4278
4374 283 283 4308
4375 283 284 4308
4376 283 285 4167
4377 283 284 4167
4378 283 283 4139
4379 283 287 4139
4380 283 293 4177
4381 283 283 4177
4382 283 283 4092
4383 283 283 4092
4384 283 283 4099
4385 283 285 4099
4386 283 284 4282
4387 283 283 4282
4388 283 284 4230
4389 283 299 4230
4390 283 287 3667
4391 283 283 3667
4392 283 295 4241
4393 283 285 4241
4394 283 299 1993
4395 283 299 1993
4396 283 296 4244
4397 283 284 4244
4398 283 283 4342
4399 283 283 4342
4400 283 284 4343
4401 283 285 4343
4402 283 284 4021
4403 283 283 4021
4404 283 299 3831
4405 283 287 3831
4406 284 285 4077
4407 284 299 4077
4408 284 289 4072
4409 284 288 4072
4410 284 284 4365
4411 284 284 4365
4412 284 284 4309
4413 284 284 4309
4414 284 295 2841
4415 284 299 2841
4416 284 291 4208
4417 284 299 4208
4418 284 284 4367
4419 284 285 4367
4420 284 284 4367
4421 284 287 4313
4422 284 299 4313
4423 284 284 4372
4424 284 287 4372
4425 284 299 4045
4426 284 292 4045
4427 284 288 4372
4428 284 286 4054
4429 284 286 4054
4430 284 284 4382
4431 284 285 4382
4432 284 284 4323
4433 284 284 4323
4434 284 284 4384
4435 284 284 4384
4436 284 293 4337
4437 284 289 4337
4438 284 284 4337
4439 284 285 4387
4440 284 284 4387
4441 284 284 4335
4442 284 284 4335
4443 284 284 4335
4444 284 285 4335
4445 284 287 4233
4446 284 285 4233
4447 284 289 3592
4448 284 284 3592
4449 284 293 4398
4450 284 286 4398
4451 284 285 4399
4452 284 286 4399
4453 284 285 4200
4454 284 288 4200
4455 284 284 4300
4456 284 293 4300
4457 284 285 4251
4458 284 284 4251
4459 284 284 4359
4460 284 285 4359
4461 284 284 4359
4462 284 284 0
4463 284 294 4303
4464 284 284 4303
4465 285 288 4304
4466 285 289 4304
4467 285 286 4362
4468 285 285 4362
4469 285 286 4306
4470 285 285 4306
4471 285 285 4262
4472 285 285 4262
4473 285 286 4410
4474 285 288 4410
4475 285 285 4410
4476 285 288 3984
4477 285 285 3984
4478 285 285 4418
4479 285 286 4418
4480 285 285 4366
4481 285 286 4366
4482 285 286 4423
4483 285 285 4423
4484 285 287 4164
4485 285 286 4164
4486 285 286 4423
4487 285 285 4377
4488 285 288 4377
4489 285 287 4375
4490 285 285 4375
4491 285 285 4423
4492 285 295 4140
4493 285 292 4140
4494 285 286 4091
4495 285 286 4091
4496 285 285 4140
4497 285 285 4432
4498 285 285 4432
4499 285 285 4003
4500 285 286 4003
4501 285 286 0
4502 285 286 4434
4503 285 287 4434
4504 285 285 4386
4505 285 286 4386
4506 285 285 4438
4507 285 287 4438
4508 285 285 4388
4509 285 286 4388
4510 285 299 4438
4511 285 285 4236
4512 285 285 4236
4513 285 287 4012
4514 285 289 4012
4515 285 299 4400
4516 285 286 4400
4517 285 291 4198
4518 285 299 4198
4519 285 285 4402
4520 285 286 4402
4521 285 285 4397
4522 285 286 4397
4523 285 288 4402
4524 285 285 4295
4525 285 286 4295
4526 285 285 4455
4527 285 288 4455
4528 285 285 0
4529 285 287 0
4530 286 287 4265
4531 286 299 4265
4532 286 292 4480
4533 286 286 4480
4534 286 286 4478
4535 286 287 4478
4536 286 287 4480
4537 286 288 4371
4538 286 291 4371
4539 286 294 4419
4540 286 286 4419
4541 286 287 4084
4542 286 287 4084
4543 286 287 4169
4544 286 286 4169
4545 286 286 3992
4546 286 299 3992
4547 286 295 4496
4548 286 299 4496
4549 286 288 3845
4550 286 289 3845
4551 286 287 4497
4552 286 287 4497
4553 286 289 3845
4554 286 290 3996
4555 286 291 3996
4556 286 299 4431
4557 286 287 4431
4558 286 289 4508
4559 286 298 4508
4560 286 293 4508
4561 286 295 4284
4562 286 299 4284
4563 286 299 4105
4564 286 295 4105
4565 286 287 4444
4566 286 286 4444
4567 286 286 4444
4568 286 289 4339
4569 286 292 4339
4570 286 286 4393
4571 286 288 4393
4572 286 293 4339
4573 286 299 2076
4574 286 299 2076
4575 286 289 4519
4576 286 288 4519
4577 286 288 4401
4578 286 299 4401
4579 286 287 4401
4580 286 286 4460
4581 286 292 4460
4582 286 288 4457
4583 286 287 4457
4584 286 290 4526
4585 286 290 4526
4586 286 286 4526
4587 286 288 4252
4588 286 297 4252
4589 286 290 0
4590 286 287 4526
4591 287 299 0
4592 287 299 0
4593 287 289 4467
4594 287 290 4467
4595 287 291 4469
4596 287 287 4469
4597 287 287 4469
4598 287 290 4469
4599 287 296 4473
4600 287 287 4473
4601 287 288 4534
4602 287 290 4534
4603 287 291 3777
4604 287 299 3777
4605 287 287 4125
4606 287 287 4125
4607 287 299 4209
4608 287 290 4209
4609 287 287 4479
4610 287 288 4479
4611 287 287 4479
4612 287 287 4482
4613 287 288 4482
4614 287 289 4486
4615 287 296 4486
4616 287 287 4482
4617 287 290 4495
4618 287 290 4495
4619 287 299 4428
4620 287 293 4428
4621 287 287 4324
4622 287 288 4324
4623 287 287 4500
4624 287 291 4500
4625 287 289 4100
4626 287 290 4100
4627 287 287 4505
4628 287 287 4505
4629 287 291 3955
4630 287 290 3955
4631 287 299 4229
4632 287 299 4229
4633 287 299 4333
4634 287 291 4333
4635 287 287 4505
4636 287 287 4567
4637 287 299 4567
4638 287 288 4147
4639 287 287 4147
4640 287 299 4522
4641 287 299 4522
4642 287 299 4450
4643 287 291 4450
4644 287 287 4351
4645 287 299 4351
4646 287 287 4153
4647 287 295 4153
4648 287 290 4586
4649 287 287 4586
4650 287 299 0
4651 288 299 0
4652 288 289 4530
4653 288 299 4530
4654 288 299 4605
4655 288 293 4605
4656 288 289 4600
4657 288 289 4600
4658 288 296 4609
4659 288 288 4609
4660 288 288 4489
4661 288 289 4489
4662 288 288 4316
4663 288 288 4316
4664 288 288 4609
4665 288 289 4612
4666 288 288 4612
4667 288 289 4541
4668 288 299 4541
4669 288 292 4421
4670 288 299 4421
4671 288 299 4612
4672 288 290 4543
4673 288 288 4543
4674 288 288 4543
4675 288 289 4171
4676 288 296 4171
4677 288 289 4551
4678 288 294 4551
4679 288 297 4551
4680 288 295 4379
4681 288 293 4379
4682 288 289 4557
4683 288 288 4557
4684 288 299 4623
4685 288 288 4623
4686 288 288 4552
4687 288 292 4552
4688 288 289 4503
4689 288 289 4503
4690 288 288 4628
4691 288 289 4628
4692 288 289 4009
4693 288 296 4009
4694 288 292 4507
4695 288 295 4507
4696 288 289 0
4697 288 290 4636
4698 288 288 4636
4699 288 299 4390
4700 288 296 4390
4701 288 288 4390
4702 288 294 4639
4703 288 292 4639
4704 288 290 4513
4705 288 290 4513
4706 288 288 4445
4707 288 293 4445
4708 288 293 4289
4709 288 298 4289
4710 288 294 4348
4711 288 299 4348
4712 288 288 4644
4713 288 289 4644
4714 288 291 4646
4715 288 289 4646
4716 288 289 4646
4717 288 293 4357
4718 288 293 4357
4719 288 293 4302
4720 288 291 4302
4721 289 293 0
4722 289 296 4601
4723 289 290 4601
4724 289 292 2747
4725 289 289 2747
4726 289 289 4659
4727 289 289 4659
4728 289 289 4476
4729 289 293 4476
4730 289 296 4660
4731 289 289 4660
4732 289 293 4488
4733 289 299 4488
4734 289 290 4660
4735 289 289 4686
4736 289 290 4686
4737 289 295 4685
4738 289 296 4685
4739 289 289 4690
4740 289 291 4690
4741 289 290 4690
4742 289 289 4331
4743 289 292 4331
4744 289 299 4638
4745 289 289 4638
4746 289 289 4698
4747 289 290 4698
4748 289 298 4191
4749 289 299 4191
4750 289 299 4571
4751 289 299 4571
4752 289 299 4576
4753 289 290 4576
4754 289 298 4577
4755 289 295 4577
4756 289 289 4292
4757 289 289 4292
4758 289 299 4201
4759 289 293 4201
4760 289 299 4577
4761 289 295 4577
4762 289 289 4587
4763 289 299 4587
4764 290 295 4466
4765 290 290 4466
4766 290 291 4656
4767 290 291 4656
4768 290 290 4656
4769 290 290 4728
4770 290 291 4728
4771 290 290 4657
4772 290 290 4657
4773 290 291 4726
4774 290 294 4726
4775 290 292 4726
4776 290 297 4727
4777 290 299 4727
4778 290 292 4667
4779 290 296 4667
4780 290 292 4315
4781 290 291 4315
4782 290 290 4665
4783 290 294 4665
4784 290 293 4665
4785 290 290 4661
4786 290 293 4661
4787 290 292 4731
4788 290 290 4731
4789 290 299 4218
4790 290 290 4218
4791 290 290 4550
4792 290 291 4550
4793 290 293 4614
4794 290 292 4614
4795 290 299 4677
4796 290 298 4677
4797 290 290 4682
4798 290 290 4682
4799 290 290 4688
4800 290 295 4688
4801 290 291 4558
4802 290 294 4558
4803 290 294 4689
4804 290 290 4689
4805 290 291 4625
4806 290 290 4625
4807 290 290 4558
4808 290 299 4742
4809 290 293 4742
4810 290 299 0
4811 290 292 4568
4812 290 293 4568
4813 290 292 4238
4814 290 290 4238
4815 290 299 3129
4816 290 293 3129
4817 290 293 4246
4818 290 294 4246
4819 290 291 4447
4820 290 292 4447
4821 290 299 4713
4822 290 297 4713
4823 290 294 4756
4824 290 290 4756
4825 290 299 4715
4826 290 292 4715
4827 290 292 4762
4828 290 292 4762
4829 290 291 3512
4830 290 290 3512
4831 291 291 4594
4832 291 292 4594
4833 291 293 4723
4834 291 292 4723
4835 291 296 4598
4836 291 299 4598
4837 291 291 4769
4838 291 294 4769
4839 291 296 4608
4840 291 299 4608
4841 291 292 4769
4842 291 291 4210
4843 291 297 4210
4844 291 296 4369
4845 291 291 4369
4846 291 295 4785
4847 291 294 4785
4848 291 293 4782
4849 291 293 4782
4850 291 293 4782
4851 291 298 4672
4852 291 293 4672
4853 291 291 4617
4854 291 292 4617
4855 291 293 4782
4856 291 299 4790
4857 291 297 4790
4858 291 295 4791
4859 291 292 4791
4860 291 293 4554
4861 291 292 4554
4862 291 291 4736
4863 291 292 4736
4864 291 299 4630
4865 291 299 4630
4866 291 291 4741
4867 291 291 4741
4868 291 292 4807
4869 291 292 4807
4870 291 291 0
4871 291 296 4704
4872 291 291 4704
4873 291 293 4747
4874 291 292 4747
4875 291 293 4705
4876 291 291 4705
4877 291 291 4753
4878 291 292 4753
4879 291 299 4353
4880 291 299 4353
4881 291 292 4584
4882 291 291 4584
4883 291 291 4585
4884 291 291 4585
4885 291 299 2235
4886 291 299 2235
4887 291 291 0
4888 291 294 4648
4889 291 297 4648
4890 292 299 4837
4891 292 294 4837
4892 292 292 4766
4893 292 294 4766
4894 292 299 4766
4895 292 292 4766
4896 292 292 4770
4897 292 292 4770
4898 292 293 4603
4899 292 298 4603
4900 292 293 4416
4901 292 298 4416
4902 292 299 4842
4903 292 292 4842
4904 292 299 4538
4905 292 296 4538
4906 292 297 4320
4907 292 296 4320
4908 292 296 4740
4909 292 294 4740
4910 292 293 4624
4911 292 292 4624
4912 292 292 4866
4913 292 293 4866
4914 292 292 4805
4915 292 296 4805
4916 292 293 4805
4917 292 299 4634
4918 292 299 4634
4919 292 292 4819
4920 292 293 4819
4921 292 292 4877
4922 292 294 4877
4923 292 292 4714
4924 292 295 4714
4925 292 299 2423
4926 292 299 2423
4927 292 294 4884
4928 292 297 4884
4929 292 299 4829
4930 292 299 4829
4931 293 299 0
4932 293 299 4159
4933 293 299 4159
4934 293 299 4724
4935 293 299 4724
4936 293 295 4832
4937 293 294 4832
4938 293 299 4832
4939 293 294 4892
4940 293 299 4892
4941 293 297 4834
4942 293 295 4834
4943 293 296 4834
4944 293 295 4532
4945 293 294 4532
4946 293 294 4778
4947 293 293 4778
4948 293 299 4669
4949 293 299 4669
4950 293 297 4775
4951 293 299 4775
4952 293 299 4787
4953 293 296 4787
4954 293 293 4787
4955 293 299 4787
4956 293 293 4854
4957 293 299 4854
4958 293 295 4493
4959 293 299 4493
4960 293 293 4854
4961 293 294 4854
4962 293 296 4859
4963 293 293 4859
4964 293 293 4863
4965 293 295 4863
4966 293 293 4861
4967 293 293 4861
4968 293 295 4328
4969 293 294 4328
4970 293 294 4912
4971 293 295 4912
4972 293 294 4914
4973 293 299 4914
4974 293 293 4186
4975 293 297 4186
4976 293 293 4687
4977 293 294 4687
4978 293 294 4868
4979 293 299 4868
4980 293 293 0
4981 293 298 4813
4982 293 299 4813
4983 293 296 4111
4984 293 299 4111
4985 293 299 4878
4986 293 293 4878
4987 293 299 4881
4988 293 299 4881
4989 293 294 4827
4990 293 299 4827
4991 293 293 4828
4992 293 299 4828
4993 293 294 4581
4994 293 294 4581
4995 294 296 3972
4996 294 294 3972
4997 294 297 4833
4998 294 299 4833
4999 294 298 4037
5000 294 294 4037
5001 294 298 4655
5002 294 299 4655
5003 294 294 4947
5004 294 299 4947
5005 294 295 4848
5006 294 294 4848
5007 294 299 3476
5008 294 299 3476
5009 294 296 4793
5010 294 294 4793
5011 294 294 4620
5012 294 294 4620
5013 294 296 4681
5014 294 295 4681
5015 294 299 4963
5016 294 294 4963
5017 294 294 4966
5018 294 299 4966
5019 294 299 4976
5020 294 297 4976
5021 294 299 4380
5022 294 296 4380
5023 294 299 4910
5024 294 294 4910
5025 294 294 4913
5026 294 295 4913
5027 294 294 4873
5028 294 294 4873
5029 294 299 4812
5030 294 297 4812
5031 294 295 4812
5032 294 294 4812
5033 294 299 4875
5034 294 295 4875
5035 294 299 4817
5036 294 295 4817
5037 294 298 4707
5038 294 295 4707
5039 294 294 4920
5040 294 296 4920
5041 294 299 4449
5042 294 299 4449
5043 294 294 4759
5044 294 295 4759
5045 294 299 4718
5046 294 299 4718
5047 294 299 4456
5048 294 294 4456
5049 294 299 4719
5050 294 299 4719
5051 294 299 4259
5052 294 299 4259
5053 295 295 0
5054 295 299 4939
5055 295 299 4939
5056 295 296 0
5057 295 296 4893
5058 295 295 4893
5059 295 299 5000
5060 295 299 5000
5061 295 299 4838
5062 295 298 4838
5063 295 299 4838
5064 295 295 4838
5065 295 297 4774
5066 295 297 4774
5067 295 297 4946
5068 295 299 4946
5069 295 299 4961
5070 295 295 4961
5071 295 299 4783
5072 295 299 4783
5073 295 295 4961
5074 295 296 5006
5075 295 295 5006
5076 295 295 4847
5077 295 299 4847
5078 295 299 4219
5079 295 299 4219
5080 295 295 5017
5081 295 296 5017
5082 295 298 5012
5083 295 299 5012
5084 295 295 5017
5085 295 299 4802
5086 295 299 4802
5087 295 296 4969
5088 295 296 4969
5089 295 296 5025
5090 295 297 5025
5091 295 298 4972
5092 295 296 4972
5093 295 297 4977
5094 295 299 4977
5095 295 297 5028
5096 295 295 5028
5097 295 298 4702
5098 295 298 4702
5099 295 297 4702
5100 295 295 5027
5101 295 295 5027
5102 295 299 5039
5103 295 299 5039
5104 295 295 4823
5105 295 296 4823
5106 295 296 4922
5107 295 299 4922
5108 295 299 4823
5109 295 299 4922
5110 295 299 4818
5111 295 299 4818
5112 295 299 4203
5113 295 299 4203
5114 295 295 4989
5115 295 297 4989
5116 295 296 5048
5117 295 297 5048
5118 295 299 4927
5119 295 295 4927
5120 295 295 0
5121 296 299 0
5122 296 299 4155
5123 296 297 4155
5124 296 299 4936
5125 296 297 4936
5126 296 296 4414
5127 296 297 4414
5128 296 296 4944
5129 296 298 4944
5130 296 296 5005
5131 296 299 5005
5132 296 297 4846
5133 296 299 4846
5134 296 298 5064
5135 296 299 5064
5136 296 299 5076
5137 296 299 5076
5138 296 296 5075
5139 296 296 5075
5140 296 299 4547
5141 296 298 4547
5142 296 296 5070
5143 296 299 5070
5144 296 296 4680
5145 296 299 4680
5146 296 299 5080
5147 296 297 5080
5148 296 297 4965
5149 296 298 4965
5150 296 299 0
5151 296 298 0
5152 296 298 4737
5153 296 298 4737
5154 296 296 5026
5155 296 299 5026
5156 296 296 4695
5157 296 296 4695
5158 296 297 5026
5159 296 299 4189
5160 296 299 4189
5161 296 296 4392
5162 296 299 4392
5163 296 296 5100
5164 296 298 5100
5165 296 299 5034
5166 296 299 5034
5167 296 299 5031
5168 296 296 5031
5169 296 296 5036
5170 296 296 5036
5171 296 299 5104
5172 296 299 5104
5173 296 296 4924
5174 296 299 4924
5175 296 296 5044
5176 296 298 5044
5177 296 297 4070
5178 296 299 4070
5179 296 299 4298
5180 296 299 4298
5181 296 298 4761
5182 296 299 4761
5183 297 299 4995
5184 297 299 4995
5185 297 299 5126
5186 297 299 5126
5187 297 299 5057
5188 297 299 5057
5189 297 297 4943
5190 297 298 4943
5191 297 299 4839
5192 297 299 4839
5193 297 299 4844
5194 297 299 4844
5195 297 299 4905
5196 297 299 4905
5197 297 299 4844
5198 297 298 5142
5199 297 299 5142
5200 297 298 5074
5201 297 299 5074
5202 297 299 4676
5203 297 299 4676
5204 297 299 5139
5205 297 299 5139
5206 297 297 5009
5207 297 299 5009
5208 297 298 5144
5209 297 297 5144
5210 297 299 4962
5211 297 299 4962
5212 297 298 5081
5213 297 298 5081
5214 297 298 5087
5215 297 298 5087
5216 297 297 5087
5217 297 299 5089
5218 297 298 5089
5219 297 297 5087
5220 297 297 5089
5221 297 299 5154
5222 297 299 5154
5223 297 297 5089
5224 297 297 5088
5225 297 297 5088
5226 297 297 4915
5227 297 299 4915
5228 297 297 5163
5229 297 297 5163
5230 297 297 5157
5231 297 297 5157
5232 297 297 4693
5233 297 298 4693
5234 297 297 5163
5235 297 299 4871
5236 297 299 4871
5237 297 299 4700
5238 297 299 4700
5239 297 298 5163
5240 297 297 5173
5241 297 298 5173
5242 297 299 4396
5243 297 299 4396
5244 297 299 5106
5245 297 299 5106
5246 297 299 5173
5247 298 299 0
5248 298 299 4997
5249 298 299 4997
5250 298 298 4305
5251 298 299 4305
5252 298 299 5125
5253 298 299 5125
5254 298 298 4997
5255 298 298 4941
5256 298 299 4941
5257 298 299 5127
5258 298 299 5127
5259 298 299 4997
5260 298 299 4776
5261 298 299 4776
5262 298 299 5067
5263 298 299 5067
5264 298 299 5132
5265 298 299 5132
5266 298 299 4950
5267 298 299 4950
5268 298 299 5132
5269 298 299 4906
5270 298 298 4906
5271 298 299 5206
5272 298 299 5206
5273 298 299 5224
5274 298 299 5224
5275 298 299 4975
5276 298 299 4975
5277 298 299 5230
5278 298 299 5230
5279 298 299 5230
5280 298 298 5228
5281 298 298 5228
5282 298 299 4014
5283 298 299 4014
5284 298 299 4822
5285 298 299 4822
5286 298 299 4349
5287 298 299 4349
5288 298 299 5115
5289 298 299 5115
5290 298 298 5117
5291 298 298 5117
5292 298 298 4928
5293 298 299 4928
5294 299 299 5250
5295 299 299 5250
5296 299 299 5129
5297 299 299 5129
5298 299 299 5254
5299 299 299 5254
5300 299 299 5190
5301 299 299 5190
5302 299 299 4899
5303 299 299 4899
5304 299 299 4851
5305 299 299 4851
5306 299 299 5198
5307 299 299 5198
5308 299 299 5082
5309 299 299 5082
5310 299 299 5212
5311 299 299 5212
5312 299 299 5149
5313 299 299 5149
5314 299 299 5215
5315 299 299 5215
5316 299 299 5152
5317 299 299 5152
5318 299 299 5213
5319 299 299 5213
5320 299 299 5218
5321 299 299 5218
5322 299 299 5218
5323 299 299 4796
5324 299 299 4796
5325 299 299 4559
5326 299 299 4559
5327 299 299 5233
5328 299 299 5233
5329 299 299 5280
5330 299 299 5280
5331 299 299 5097
5332 299 299 5097
5333 299 299 4748
5334 299 299 4748
5335 299 299 4981
5336 299 299 4981
5337 299 299 5097
5338 299 299 5097
5339 299 299 5037
5340 299 299 5037
5341 299 299 5037
5342 299 299 5241
5343 299 299 5241
5344 299 299 5176
5345 299 299 5176
5346 299 299 4754
5347 299 299 4754
5348 299 299 5241
5349 299 299 5241
5350 299 299 5181
5351 299 299 5181
5352 299 299 5176
5353 299 299 5181
5354 299 299 5292
5355 299 299 5292
5356 299 299 5292
