695 150 209 0
696 0 29 0
698 30 99 696
699 30 98 696
701 99 221 699
702 99 189 699
704 100 157 698
705 100 156 698
706 0 68 0
707 69 137 706
708 69 136 706
709 137 225 708
710 137 222 708
711 138 208 707
712 138 222 707
715 0 93 0
717 94 155 715
718 94 168 715
719 0 85 0
720 86 161 719
721 86 168 719
722 0 104 0
723 105 187 722
724 105 188 722
725 0 83 0
727 146 199 732
728 146 204 732
729 84 140 725
730 141 199 729
731 141 197 729
732 84 145 725
733 0 86 0
734 87 182 733
735 87 144 733
736 0 257 0
737 0 52 0
738 53 151 737
739 53 299 737
741 143 299 0
742 0 55 0
743 56 152 742
744 56 161 742
745 0 46 0
746 47 174 745
747 47 166 745
748 0 28 0
749 29 93 748
750 29 124 748
752 125 194 750
753 125 193 750
754 0 117 0
755 118 189 754
756 118 185 754
757 0 35 0
758 36 124 757
759 125 200 758
760 36 135 757
761 125 205 758
762 136 212 760
763 136 209 760
764 0 19 0
765 62 94 0
766 0 107 0
767 108 169 766
768 108 171 766
769 0 73 0
770 74 235 769
771 74 193 769
772 0 60 0
773 147 230 778
774 147 222 778
775 61 140 772
776 141 222 775
777 141 232 775
778 61 146 772
779 0 16 0
780 113 185 785
781 113 191 785
782 17 116 779
783 117 184 782
784 117 198 782
785 17 112 779
786 0 33 0
787 34 127 786
788 128 206 787
789 128 186 787
790 34 154 786
791 0 92 0
792 93 162 791
793 93 202 791
794 0 94 0
795 95 180 794
796 95 174 794
800 95 95 960
801 95 194 960
802 0 128 0
803 129 139 802
804 129 131 802
805 140 281 0
806 0 51 0
807 143 235 812
808 143 253 812
809 52 142 806
810 143 267 809
811 143 267 809
812 52 142 806
813 0 92 0
814 140 204 817
815 140 202 817
816 136 195 819
817 136 139 819
818 93 197 813
819 93 135 813
820 0 36 0
821 139 235 826
822 139 214 826
823 37 147 820
824 148 226 823
825 148 218 823
826 37 138 820
827 0 121 0
829 0 299 0
830 0 10 0
832 146 211 835
833 146 202 835
835 94 145 840
836 94 153 840
837 11 114 830
838 115 191 837
839 115 184 837
840 11 93 830
841 0 142 0
842 143 299 841
843 143 299 841
844 0 101 0
845 102 171 844
846 102 166 844
847 0 97 0
848 98 168 847
849 98 171 847
850 0 92 0
851 93 180 850
852 93 180 850
853 0 66 0
854 67 299 853
855 67 299 853
856 0 289 0
857 0 147 0
858 148 239 857
859 148 257 857
860 0 99 0
861 100 180 860
862 100 182 860
863 0 104 0
864 105 179 863
865 105 171 863
866 0 72 0
867 73 165 866
868 73 172 866
869 0 102 0
870 103 186 869
871 103 192 869
872 0 35 0
873 134 230 878
874 134 220 878
875 36 126 872
876 127 198 875
877 127 203 875
878 36 133 872
879 0 99 0
880 100 187 879
881 100 181 879
882 0 94 0
883 95 185 882
884 95 199 882
885 0 97 0
886 98 166 885
887 98 169 885
888 0 83 0
889 148 204 892
890 148 203 892
891 84 162 888
892 84 147 888
893 0 132 0
894 133 231 893
895 133 213 893
896 0 109 0
897 110 211 896
898 110 214 896
899 0 186 0
900 0 88 0
901 115 115 0
902 122 130 0
903 143 154 0
904 0 0 0
905 0 89 0
906 86 142 0
907 143 212 906
908 143 207 906
909 129 153 0
910 0 258 0
911 0 90 0
912 91 173 911
913 91 173 911
914 0 17 0
915 18 29 914
916 18 87 914
917 88 104 916
918 88 131 916
919 139 188 0
920 51 52 0
921 75 77 0
922 80 86 0
923 133 141 0
924 0 141 0
925 142 236 924
926 142 225 924
927 0 83 0
928 84 172 927
929 84 191 927
930 0 105 0
931 106 172 930
932 106 175 930
933 0 31 0
934 112 117 937
935 112 166 937
936 32 80 933
937 32 111 933
938 120 170 0
939 135 160 0
941 0 164 0
942 0 215 0
943 115 212 0
944 0 101 0
945 102 105 944
946 102 202 944
947 122 192 0
948 0 49 0
949 50 81 948
950 50 87 948
951 114 117 0
952 120 130 0
953 136 144 0
954 128 129 0
955 130 179 954
956 130 179 954
957 0 299 0
958 0 156 0
959 0 218 0
960 0 94 0
962 119 147 0
964 95 109 967
965 95 170 967
966 95 95 0
967 16 94 0
968 83 256 0
969 100 198 0
970 117 150 0
971 149 165 0
972 143 182 0
5003 171 253 965
5005 171 250 965
5008 157 299 705
5009 157 299 705
5012 158 289 704
5013 158 231 704
5016 222 277 701
5017 222 278 701
5020 190 255 702
5021 190 252 702
5025 169 260 721
5026 169 262 721
5028 169 227 718
5030 169 248 718
5032 249 299 5030
5033 249 299 5030
5036 156 221 717
5037 156 214 717
5039 222 276 5036
5040 222 282 5036
5043 162 232 720
5045 162 231 720
5047 233 299 5043
5048 233 299 5043
5049 232 299 5045
5051 232 299 5045
5053 215 271 5037
5054 215 278 5037
5056 240 299 858
5058 240 299 858
5061 219 299 959
5063 219 272 959
5065 157 259 958
5067 157 265 958
5071 195 264 0
5073 196 247 0
5074 202 263 0
5077 203 261 946
5078 203 265 946
5080 193 255 947
5082 193 250 947
5084 166 195 0
5086 216 299 942
5088 216 299 942
5091 213 292 943
5092 213 285 943
5096 181 249 852
5097 181 251 852
5099 250 299 5096
5100 250 299 5096
5103 189 275 724
5104 189 260 724
5107 188 255 723
5108 188 256 723
5111 205 271 728
5112 205 276 728
5115 200 261 727
5116 200 271 727
5120 199 250 969
5121 199 279 969
5122 162 215 970
5124 216 299 5122
5125 216 299 5122
5126 189 254 0
5129 198 259 731
5130 198 258 731
5133 200 265 730
5134 200 258 730
5136 183 259 734
5138 183 260 734
5139 205 299 0
5140 196 250 0
5145 152 299 738
5146 152 299 738
5149 181 248 851
5150 181 248 851
5152 249 299 5150
5153 249 299 5150
5155 249 299 5149
5156 249 260 5149
5159 165 299 941
5160 165 299 941
5162 192 287 929
5164 192 279 929
5167 173 241 928
5168 173 242 928
5170 242 283 5167
5171 242 299 5167
5173 243 299 5168
5174 243 299 5168
5178 233 276 5181
5179 233 291 5181
5180 173 233 931
5181 173 232 931
5183 234 286 5180
5184 234 258 5180
5187 167 226 935
5188 167 225 935
5190 227 287 5187
5191 227 243 5187
5194 171 225 938
5195 171 225 938
5197 226 299 5194
5198 226 285 5194
5200 226 286 5188
5201 226 284 5188
5208 247 261 5210
5210 176 246 932
5212 176 273 932
5213 247 255 5210
5215 187 263 0
5216 198 236 0
5217 210 248 0
5219 249 252 5217
5220 249 299 5217
5222 166 276 0
5225 167 249 747
5226 167 270 747
5228 250 299 5225
5229 250 299 5225
5232 186 264 756
5233 186 258 756
5236 190 287 755
5237 190 289 755
5238 192 299 0
5239 202 295 0
5240 203 257 0
5241 205 258 0
5242 217 273 0
5243 235 250 0
5245 172 246 0
5246 213 250 0
5247 215 270 0
5249 166 205 0
5250 236 242 0
5253 174 274 912
5254 174 250 912
5256 174 250 913
5258 174 299 913
5260 231 239 0
5261 246 299 0
5265 208 287 908
5266 208 283 908
5268 213 246 907
5269 213 299 907
5272 226 299 926
5273 226 292 926
5275 237 299 925
5277 237 299 925
5279 173 266 868
5281 173 254 868
5285 235 299 5291
5286 235 299 5291
5287 166 247 867
5290 248 299 5287
5291 166 234 867
5292 248 299 5287
5296 193 295 871
5297 193 299 871
5298 187 299 870
5300 187 291 870
5303 180 266 864
5304 180 271 864
5307 172 249 865
5309 172 252 865
5310 250 299 5307
5311 250 299 5307
5314 181 269 861
5315 181 270 861
5318 183 275 862
5319 183 293 862
5324 212 272 832
5325 212 270 832
5328 203 267 833
5329 203 264 833
5332 154 212 836
5333 154 212 836
5335 213 281 5333
5336 213 282 5333
5338 213 280 5332
5339 213 287 5332
5342 185 255 839
5343 185 246 839
5345 247 299 5343
5346 247 299 5343
5349 206 275 761
5350 206 267 761
5352 201 265 759
5354 201 267 759
5357 213 279 762
5358 213 274 762
5361 210 277 763
5362 210 277 763
5365 175 280 746
5366 175 299 746
5368 195 263 752
5370 195 268 752
5372 153 255 743
5374 153 166 743
5377 194 260 753
5378 194 251 753
5381 192 256 838
5382 192 255 838
5385 167 233 846
5386 167 222 846
5388 223 292 5386
5389 223 252 5386
5390 234 299 5385
5392 234 299 5385
5394 172 261 845
5396 172 248 845
5398 249 299 5396
5399 249 299 5396
5403 172 299 849
5404 172 299 849
5406 169 223 848
5407 169 230 848
5409 224 284 5406
5410 224 299 5406
5412 231 299 5407
5413 231 299 5407
5416 204 299 877
5417 204 299 877
5420 199 299 876
5421 199 292 876
5426 221 299 874
5427 221 299 874
5428 231 299 873
5429 231 299 873
5432 215 299 822
5433 215 299 822
5437 182 278 881
5438 182 271 881
5441 188 284 880
5442 188 284 880
5445 236 299 821
5446 236 299 821
5451 227 294 824
5452 227 299 824
5455 219 279 825
5456 219 279 825
5459 198 257 818
5460 198 266 818
5464 203 267 815
5465 203 277 815
5467 196 258 816
5469 196 254 816
5471 205 276 814
5472 205 270 814
5475 187 275 899
5477 187 260 899
5479 186 256 883
5481 186 263 883
5484 200 298 884
5485 200 299 884
5487 212 299 897
5489 212 286 897
5492 215 299 898
5493 215 299 898
5496 163 229 891
5497 163 231 891
5499 230 299 5496
5500 230 299 5496
5502 232 299 5497
5503 232 299 5497
5506 214 291 895
5507 214 299 895
5510 232 251 894
5511 232 299 894
5514 205 264 889
5515 205 271 889
5517 204 274 890
5519 204 275 890
5522 167 237 886
5523 167 234 886
5525 238 299 5522
5526 238 299 5522
5528 235 299 5523
5529 235 299 5523
5531 178 225 0
5533 226 299 5531
5534 226 299 5531
5537 170 245 887
5539 170 252 887
5540 246 299 5537
5541 246 299 5537
5544 195 278 801
5545 195 299 801
5555 181 268 795
5556 181 268 795
5557 193 202 0
5558 220 299 0
5561 203 268 793
5562 203 299 793
5564 163 221 0
5565 163 237 0
5566 222 299 5564
5568 222 280 5564
5570 238 299 5565
5571 238 299 5565
5574 155 292 790
5575 155 256 790
5578 187 244 789
5579 187 253 789
5581 245 264 5578
5582 245 299 5578
5585 185 241 783
5586 185 244 783
5588 245 299 5586
5589 245 299 5586
5591 242 299 5585
5592 242 299 5585
5595 233 299 777
5596 233 254 777
5599 223 299 776
5600 223 299 776
5603 207 299 788
5604 207 299 788
5607 223 293 774
5608 223 299 774
5611 199 295 784
5612 199 299 784
5614 231 299 773
5616 231 299 773
5619 192 299 781
5620 192 299 781
5623 186 299 780
5624 186 278 780
5627 194 282 771
5628 194 297 771
5630 236 299 770
5632 236 299 770
5638 236 299 807
5639 236 299 807
5641 178 219 0
5643 220 291 5641
5644 220 235 5641
5645 190 199 0
5647 200 276 5645
5648 200 274 5645
5651 170 231 767
5653 232 299 5651
5654 232 299 5651
5655 170 237 767
5657 238 299 5655
5658 238 299 5655
5660 172 242 768
5661 243 299 5660
5663 243 299 5660
5665 172 232 768
5667 233 248 5665
5668 233 261 5665
5669 224 299 0
5675 209 299 711
5676 209 287 711
5678 223 299 710
5679 223 299 710
5681 223 299 712
5682 223 299 712
5683 226 289 709
5685 226 299 709
5687 232 299 5013
5688 232 299 5013
5689 184 197 0
5690 198 200 5689
5692 198 271 5689
5700 175 241 796
5701 175 299 796
5703 242 299 5700
5704 242 299 5700
15893 281 299 0
15951 251 299 5256
16028 252 299 5097
16030 252 299 5097
16032 253 299 5021
16033 253 272 5021
16035 256 299 5107
16037 256 299 5020
16038 257 299 968
16041 254 292 5003
16042 265 299 0
16043 255 299 5126
16046 257 299 5108
16047 258 299 736
16050 261 299 5025
16053 265 276 0
16054 263 299 5026
16056 272 299 5053
16059 259 267 5130
16061 260 299 5129
16063 259 299 5134
16065 261 299 5138
16066 260 299 5136
16068 254 299 5003
16069 255 299 5126
16070 262 299 5115
16073 272 299 5111
16074 272 299 5116
16076 261 299 5104
16078 276 299 5103
16080 278 299 16033
16082 278 299 5016
16084 279 299 5017
16085 290 299 5012
16088 279 299 5054
16089 280 299 0
16092 289 299 16441
16094 290 299 5683
16096 288 299 5676
16098 277 299 5112
16100 283 299 5040
16101 277 299 5039
16103 286 299 5092
16106 290 299 856
16108 266 299 5133
16110 266 299 5133
16113 281 299 5365
16116 277 299 5222
16117 259 299 5233
16120 256 299 5372
16121 264 299 5368
16124 252 299 5378
16126 261 299 5377
16127 269 299 5370
16130 256 299 5382
16132 256 299 5342
16133 257 299 5381
16134 290 291 5237
16138 265 299 5232
16139 292 299 16134
16141 292 299 16134
16142 271 299 5325
16145 273 299 5324
16147 282 299 5335
16149 265 299 5329
16150 271 299 5226
16152 278 299 5362
16155 278 299 5361
16156 275 299 5358
16159 280 299 5357
16161 288 299 5339
16163 281 299 5338
16165 266 299 5352
16166 262 299 5394
16169 293 299 5388
16171 258 288 16547
16173 289 299 16171
16175 283 299 5336
16177 276 299 5349
16179 268 299 5328
16181 268 299 5350
16182 298 299 5628
16185 283 299 0
16186 291 299 0
16187 293 299 0
16189 270 299 0
16190 289 299 0
16191 293 299 0
16193 293 299 5574
16195 257 299 5575
16196 258 264 5459
16198 258 299 5459
16199 253 299 5539
16202 259 299 5467
16205 255 299 5469
16207 269 299 5556
16209 279 299 5544
16211 269 299 5555
16214 279 299 5624
16215 283 299 5627
16218 281 299 5568
16220 269 299 5561
16223 296 299 5611
16224 254 299 5579
16227 254 299 808
16229 294 299 5607
16230 267 299 0
16231 267 299 5460
16233 268 268 811
16234 269 299 16233
16237 268 299 810
16239 292 299 5643
16241 277 299 5647
16243 275 288 5648
16244 271 299 5472
16245 271 299 5472
16247 272 299 5692
16248 281 299 0
16250 268 299 5464
16252 280 299 5455
16253 280 299 5456
16256 278 299 5465
16258 295 299 5451
16259 277 299 5471
16260 278 299 0
16263 285 299 5441
16265 287 299 16538
16266 279 281 5437
16269 285 299 5442
16271 272 299 5438
16273 299 299 5484
16275 264 299 5481
16277 287 299 5489
16278 272 299 5515
16281 265 299 5514
16283 276 299 5519
16285 292 299 5506
16287 275 299 5517
16288 293 299 5421
16290 276 299 5475
16292 278 299 0
16294 261 265 5477
16295 266 299 16294
16297 270 299 16530
16300 288 288 5265
16301 289 299 16300
16303 289 299 16300
16305 287 299 0
16307 292 299 5300
16309 293 299 5091
16311 293 299 5273
16312 296 299 5296
16314 267 299 5279
16317 288 299 5162
16319 270 299 5314
16321 255 299 5281
16322 292 299 5179
16325 277 299 5178
16327 285 299 5201
16329 287 289 5183
16331 290 299 16329
16333 284 299 5170
16334 287 287 5200
16336 288 299 16334
16337 288 299 16334
16338 274 299 5212
16342 256 262 5213
16345 264 299 5215
16346 264 299 5215
16347 258 299 5240
16349 266 299 0
16351 259 263 5241
16352 264 299 16351
16355 259 299 910
16356 264 299 16607
16358 258 299 0
16359 272 299 0
16362 275 299 5253
16363 275 275 5253
16365 276 299 16363
16366 286 299 0
16367 277 299 0
16368 277 299 0
16370 274 299 5242
16371 296 299 5239
16373 283 299 0
16374 296 299 0
16375 295 299 0
16376 281 299 0
16377 297 299 0
16378 297 299 0
16380 266 278 5067
16383 292 299 16493
16385 273 299 5063
16387 260 299 5065
16388 254 299 0
16389 296 299 0
16390 256 299 5080
16391 278 299 0
16393 266 278 5078
16396 288 299 5190
16399 262 271 5077
16400 280 299 0
16401 266 299 5078
16402 279 299 16393
16403 258 299 859
16406 272 299 5304
16407 294 299 5319
16410 285 299 5409
16412 276 299 5318
16415 253 299 5309
16416 267 288 5303
16417 294 299 5319
16419 271 299 5315
16420 281 299 5338
16421 268 277 5354
16423 252 299 5378
16424 253 299 5309
16425 256 299 5107
16426 256 299 5020
16427 257 299 968
16428 257 299 5108
16429 258 299 736
16430 258 299 859
16431 259 299 5130
16432 259 299 5134
16433 259 299 5233
16434 260 262 5136
16435 260 299 5129
16436 261 299 5025
16437 261 299 5138
16438 261 299 5104
16439 261 299 5377
16440 262 299 5115
16441 263 280 5026
16442 265 299 5232
16443 265 299 5329
16444 266 299 5133
16445 269 299 5370
16446 271 299 5226
16447 271 299 5325
16448 272 299 5116
16449 272 299 5111
16450 272 299 5053
16451 272 299 5304
16452 276 299 5103
16453 277 299 5112
16454 277 299 5039
16455 277 299 5222
16456 278 299 5016
16457 279 299 5017
16458 279 299 5054
16459 280 299 0
16461 280 299 5121
16462 280 299 5121
16463 281 299 5365
16464 283 299 5040
16465 288 299 5676
16466 290 299 5012
16467 290 299 5683
16468 290 299 856
16469 292 299 16134
16470 265 299 5232
16471 265 299 0
16472 267 299 5303
16473 267 299 5279
16474 286 299 5092
16475 290 299 5237
16476 292 299 5300
16477 293 299 5091
16478 296 299 5296
16480 256 299 5213
16481 256 299 5080
16482 258 299 5240
16483 260 268 5065
16484 262 299 5077
16485 264 299 5215
16487 264 275 5074
16488 264 289 5074
16490 265 266 5071
16491 265 299 5071
16492 266 299 5078
16493 266 291 5067
16494 273 299 5063
16495 274 299 5212
16496 274 299 5242
16497 277 299 5178
16498 279 299 16393
16499 284 285 5170
16500 285 299 5201
16501 288 299 5190
16502 287 299 5200
16503 288 299 5162
16504 290 299 16329
16505 292 299 5179
16506 292 299 16493
16507 293 299 5273
16508 296 299 5239
16509 296 299 0
16510 280 299 5164
16511 280 299 5164
16512 287 299 5183
16513 251 299 5254
16514 255 299 5281
16515 259 299 5241
16516 259 299 910
16517 264 299 16607
16518 264 299 16351
16519 270 299 5314
16520 271 299 5315
16521 275 299 5253
16522 276 299 16363
16523 285 299 5442
16524 288 299 5265
16525 289 299 16300
16526 293 299 5421
16527 261 299 5477
16528 264 299 5481
16529 265 299 5514
16530 266 269 16294
16531 270 299 16530
16532 272 299 5515
16533 272 299 5438
16534 275 299 5517
16535 276 299 5519
16536 276 299 5475
16537 279 299 5437
16538 285 286 5441
16539 287 299 5489
16540 287 299 16538
16541 292 299 5506
16542 295 299 5451
16543 299 299 5484
16544 253 299 5539
16545 254 299 808
16546 255 299 5469
16547 257 257 5381
16548 258 299 5459
16549 258 299 16547
16550 259 267 5467
16551 262 299 5394
16552 267 299 5460
16553 268 299 810
16554 268 290 811
16555 268 276 5464
16556 269 299 16233
16557 271 299 5472
16558 275 285 5648
16559 276 299 5318
16560 277 299 5647
16561 277 299 5471
16562 278 299 5465
16563 280 299 5455
16564 280 299 5456
16565 285 299 5409
16566 289 299 16171
16567 292 299 5643
16568 293 299 5388
16569 294 299 5319
16570 254 299 5579
16571 256 299 5342
16572 256 299 5382
16573 256 299 5372
16574 257 299 5575
16575 264 299 5368
16576 266 299 5352
16577 268 299 5350
16578 268 299 5328
16579 268 299 5354
16580 269 299 5561
16581 269 299 5556
16582 269 299 5555
16583 273 299 5324
16584 275 299 5358
16585 279 299 5624
16586 279 299 5544
16587 278 299 5361
16588 278 299 5362
16589 280 299 5357
16590 281 299 5568
16591 281 299 5338
16592 282 299 5335
16593 283 299 5336
16594 283 293 5627
16595 288 299 5339
16596 293 299 5574
16597 294 299 5607
16598 296 299 5611
16599 298 299 5628
16600 270 299 0
16601 272 299 5692
16602 283 299 0
16603 276 299 5349
16607 251 263 5254
16608 251 299 5256
