1 0 2 0
2 0 29 0
3 0 39 0
4 0 27 0
5 0 40 0
6 0 40 0
7 0 34 0
8 0 40 0
9 0 40 0
10 0 40 0
11 0 40 0
12 0 40 0
13 0 40 0
14 0 39 0
15 0 40 0
16 0 40 0
17 0 40 0
18 0 40 0
19 0 40 0
20 0 21 0
21 0 40 0
22 0 40 0
23 0 40 0
24 0 40 0
25 0 40 0
26 0 37 0
27 0 40 0
28 0 40 0
29 0 40 0
30 0 40 0
31 0 28 0
32 0 40 0
33 0 40 0
34 0 40 0
35 0 40 0
36 0 40 0
37 0 40 0
38 0 40 0
39 0 40 0
40 0 40 0
41 0 40 0
42 0 40 0
43 0 40 0
44 0 34 0
45 0 40 0
46 0 40 0
47 0 40 0
48 0 40 0
49 0 36 0
50 0 40 0
51 0 40 0
52 0 40 0
53 0 40 0
54 0 40 0
55 0 40 0
56 0 40 0
57 0 40 0
58 0 40 0
59 0 40 0
60 0 40 0
61 0 40 0
62 0 0 0
63 0 40 0
64 0 40 0
65 0 40 0
66 0 40 0
67 0 40 0
68 0 40 0
69 0 40 0
70 0 28 0
71 0 40 0
72 0 40 0
73 0 40 0
74 0 40 0
75 0 40 0
76 0 2 0
77 0 40 0
78 0 40 0
79 0 40 0
80 0 40 0
81 0 9 0
82 0 40 0
83 0 40 0
84 0 2 0
85 0 40 0
86 0 40 0
87 0 1 0
88 0 2 0
89 0 40 0
90 0 40 0
91 0 35 0
92 0 34 0
93 0 40 0
94 0 22 0
95 0 35 0
96 0 18 0
97 0 40 0
98 0 40 0
99 0 40 0
100 0 40 0
101 0 6 0
102 0 26 0
103 0 40 0
104 0 40 0
105 0 29 0
106 0 40 0
107 1 40 62
108 1 40 62
109 2 7 0
110 3 29 84
111 3 6 84
112 3 40 88
113 3 40 88
114 8 15 0
115 10 40 81
116 10 40 81
117 16 25 0
118 16 16 0
119 17 17 0
120 18 19 0
121 20 34 0
122 20 23 0
123 22 40 20
124 22 40 20
125 22 40 0
126 23 40 94
127 23 40 94
128 24 24 0
129 25 28 0
130 25 40 0
131 28 34 0
132 29 30 0
133 29 40 31
134 29 40 31
135 29 29 0
136 30 40 2
137 30 40 2
138 31 40 0
139 31 40 0
140 31 31 0
141 32 33 0
142 32 33 0
143 32 37 0
144 33 40 0
145 33 40 0
146 34 40 0
147 34 34 0
148 35 40 0
149 35 40 44
150 35 40 44
151 35 37 0
152 35 40 92
153 35 40 92
154 36 40 91
155 36 40 91
156 36 40 95
157 36 40 95
158 37 40 49
159 37 40 49
160 37 40 0
161 38 40 26
162 38 40 26
163 38 38 0
164 38 40 0
165 40 40 0
166 40 40 14
167 40 40 14
168 40 40 14
169 40 40 0
