1 0 27 0
2 0 89 0
3 0 78 0
4 0 32 0
5 0 38 0
6 0 16 0
7 0 17 0
8 0 89 0
9 0 89 0
10 0 89 0
11 0 17 0
12 0 89 0
13 0 39 0
14 0 89 0
15 0 89 0
16 0 89 0
17 0 80 0
18 0 12 0
19 0 35 0
20 0 36 0
21 0 89 0
22 0 13 0
23 0 6 0
24 0 60 0
25 0 37 0
26 0 65 0
27 0 28 0
28 0 89 0
29 0 89 0
30 0 1 0
31 0 29 0
32 0 89 0
33 0 89 0
34 0 10 0
35 0 70 0
36 0 89 0
37 0 57 0
38 0 89 0
39 0 39 0
40 0 82 0
41 0 89 0
42 0 5 0
43 0 89 0
44 0 52 0
45 0 89 0
46 0 38 0
47 0 15 0
48 0 14 0
49 0 6 0
50 0 87 0
51 0 6 0
52 0 1 0
53 0 35 0
54 0 89 0
55 0 6 0
56 0 0 0
57 0 89 0
58 0 0 0
59 0 17 0
60 0 68 0
61 0 89 0
62 0 12 0
63 0 19 0
64 0 1 0
65 0 89 0
66 0 63 0
67 0 89 0
68 0 4 0
69 0 65 0
70 0 89 0
71 0 35 0
72 0 89 0
73 0 36 0
74 0 7 0
75 0 21 0
76 0 8 0
77 0 3 0
78 0 89 0
79 0 67 0
80 0 1 0
81 0 34 0
82 0 74 0
83 0 12 0
84 0 43 0
85 0 46 0
86 0 25 0
87 0 44 0
88 0 15 0
89 0 0 0
90 0 13 0
91 0 0 0
92 0 75 0
93 0 3 0
94 0 7 0
95 0 0 0
96 0 11 0
97 0 0 0
98 0 89 0
99 0 0 0
100 0 6 0
101 0 18 0
102 0 89 0
103 0 18 0
104 0 0 0
105 0 89 0
106 0 6 0
107 0 39 0
108 0 5 0
109 0 12 0
110 0 15 0
111 0 24 0
112 0 29 0
113 0 71 0
114 0 89 0
115 0 73 0
116 0 72 0
117 0 5 0
118 0 60 0
119 0 0 0
120 0 35 0
121 0 5 0
122 0 73 0
123 0 89 0
124 0 61 0
125 0 47 0
126 0 7 0
127 0 8 0
128 0 6 0
129 0 63 0
130 0 3 0
131 0 45 0
132 0 89 0
133 0 68 0
134 0 0 0
135 0 14 0
136 0 89 0
137 0 24 0
138 0 61 0
139 0 88 0
140 0 89 0
141 0 17 0
142 0 8 0
143 1 1 0
144 1 3 0
145 1 89 89
146 1 89 89
147 1 42 91
148 1 54 91
149 1 73 95
150 1 64 95
151 1 1 97
152 1 71 97
153 2 21 0
154 2 89 30
155 2 89 30
156 2 2 0
157 2 2 52
158 2 10 52
159 2 2 0
160 2 2 0
161 2 71 80
162 2 3 80
163 2 3 0
164 2 2 151
165 2 85 151
166 2 2 151
167 2 2 0
168 2 3 0
169 3 3 0
170 3 4 0
171 3 6 0
172 4 4 0
173 4 5 0
174 4 4 0
175 4 4 0
176 4 4 0
177 4 5 0
178 4 4 0
179 4 89 130
180 4 45 130
181 5 5 0
182 5 5 0
183 5 9 0
184 5 5 0
185 5 5 68
186 5 9 68
187 5 10 0
188 5 17 0
189 5 5 0
190 6 89 108
191 6 89 108
192 7 8 0
193 7 7 49
194 7 8 49
195 7 19 0
196 7 9 100
197 7 17 100
198 7 7 0
199 7 8 0
200 7 29 128
201 7 7 128
202 7 13 0
203 8 10 0
204 8 8 0
205 8 10 0
206 8 8 0
207 8 9 0
208 8 85 74
209 8 89 74
210 8 9 0
211 8 66 94
212 8 63 94
213 8 14 0
214 9 9 194
215 9 10 194
216 9 50 76
217 9 36 76
218 9 9 127
219 9 10 127
220 10 22 0
221 10 10 0
222 10 10 0
223 10 10 0
224 11 11 0
225 11 89 34
226 11 89 34
227 11 31 34
228 11 37 0
229 11 43 215
230 11 12 215
231 11 12 0
232 11 14 158
233 11 13 158
234 11 11 0
235 11 14 0
236 11 11 0
237 11 15 219
238 11 74 219
239 11 21 219
240 11 13 0
241 12 13 0
242 12 14 0
243 12 14 0
244 12 12 0
245 12 14 96
246 12 12 96
247 12 12 0
248 12 12 0
249 13 30 0
250 13 19 18
251 13 17 18
252 13 13 230
253 13 33 230
254 13 89 62
255 13 89 62
256 13 13 0
257 13 89 109
258 13 89 109
259 13 13 0
260 14 14 0
261 14 89 22
262 14 28 22
263 14 14 0
264 14 16 0
265 14 48 90
266 14 86 90
267 14 17 0
268 15 15 232
269 15 21 232
270 15 74 48
271 15 75 48
272 15 16 0
273 15 48 245
274 15 25 245
275 15 17 0
276 16 16 0
277 16 66 47
278 16 89 47
279 16 16 0
280 16 17 0
281 16 18 0
282 16 17 0
283 16 16 0
284 16 75 237
285 16 20 237
286 16 17 0
287 17 33 0
288 18 18 11
289 18 24 11
290 18 18 251
291 18 18 251
292 18 21 0
293 18 19 0
294 18 20 0
295 18 89 59
296 18 89 59
297 18 22 0
298 18 29 197
299 18 18 197
300 18 19 0
301 19 20 0
302 19 19 0
303 19 38 101
304 19 20 101
305 19 58 103
306 19 47 103
307 19 58 0
308 20 22 0
309 20 32 0
310 20 22 250
311 20 20 250
312 20 31 0
313 20 89 63
314 20 37 63
315 20 20 0
316 20 28 0
317 20 20 0
318 21 22 0
319 21 21 0
320 21 23 0
321 21 30 0
322 21 21 0
323 21 21 0
324 21 21 0
325 21 21 0
326 21 27 285
327 21 24 285
328 22 23 0
329 22 22 0
330 22 25 75
331 22 26 75
332 22 22 0
333 22 23 0
334 23 29 310
335 23 23 310
336 23 24 0
337 23 89 297
338 23 23 297
339 23 23 0
340 23 24 0
341 24 26 0
342 24 28 335
343 24 24 335
344 24 53 328
345 24 49 328
346 24 24 0
347 24 39 0
348 24 27 0
349 24 26 0
350 24 29 0
351 25 89 289
352 25 89 289
353 25 25 0
354 25 29 0
355 25 26 0
356 25 63 111
357 25 89 111
358 26 28 0
359 26 28 0
360 26 72 0
361 26 26 0
362 27 41 331
363 27 89 331
364 27 35 0
365 28 29 0
366 28 30 0
367 28 28 0
368 28 70 0
369 28 61 326
370 28 48 326
371 29 89 0
372 29 31 0
373 29 44 27
374 29 47 27
375 29 29 0
376 30 89 31
377 30 30 31
378 30 35 334
379 30 30 334
380 30 31 334
381 30 30 0
382 30 30 0
383 30 30 0
384 30 52 298
385 30 34 298
386 30 35 0
387 30 31 200
388 30 34 200
389 31 54 0
390 31 89 377
391 31 89 377
392 31 32 366
393 31 31 366
394 31 31 0
395 31 31 0
396 31 31 0
397 31 31 0
398 31 32 0
399 31 44 0
400 32 40 0
401 33 33 4
402 33 89 4
403 33 38 0
404 33 34 0
405 33 34 0
406 33 89 0
407 34 89 0
408 34 34 287
409 34 35 287
410 34 34 0
411 34 36 0
412 34 36 0
413 35 89 0
414 35 89 0
415 35 35 0
416 35 36 0
417 35 89 81
418 35 89 81
419 35 36 0
420 35 35 0
421 35 36 0
422 35 40 388
423 35 44 388
424 35 35 0
425 36 74 0
426 36 43 0
427 36 89 19
428 36 89 19
429 36 38 378
430 36 36 378
431 36 89 0
432 36 36 409
433 36 46 409
434 36 89 53
435 36 37 53
436 36 44 0
437 36 40 0
438 36 43 120
439 36 89 120
440 37 89 20
441 37 89 20
442 37 37 0
443 37 38 0
444 37 55 0
445 37 41 0
446 38 39 0
447 38 78 25
448 38 81 25
449 38 38 0
450 38 59 314
451 38 62 314
452 38 38 0
453 39 74 429
454 39 39 429
455 39 40 0
456 39 89 46
457 39 89 46
458 39 41 0
459 39 89 303
460 39 39 303
461 40 40 13
462 40 41 13
463 40 41 0
464 40 48 0
465 40 89 0
466 40 89 107
467 40 89 107
468 40 40 107
469 40 43 0
470 41 67 0
471 41 41 0
472 41 41 0
473 41 41 0
474 41 43 0
475 42 42 0
476 42 43 0
477 42 56 462
478 42 72 462
479 42 42 0
480 42 45 0
481 43 44 0
482 43 58 0
483 43 44 0
484 43 60 0
485 43 46 0
486 44 44 229
487 44 44 229
488 44 44 0
489 44 89 84
490 44 89 84
491 44 89 438
492 44 45 438
493 44 45 0
494 45 45 0
495 45 46 0
496 45 46 0
497 45 49 0
498 45 51 486
499 45 59 486
500 45 49 87
501 45 47 87
502 45 50 423
503 45 51 423
504 46 51 0
505 46 89 0
506 46 46 0
507 46 47 0
508 46 46 131
509 46 53 131
510 46 81 180
511 46 47 180
512 47 51 433
513 47 48 433
514 47 51 0
515 47 47 0
516 47 47 0
517 47 89 0
518 48 78 374
519 48 89 374
520 48 49 0
521 48 48 306
522 48 63 306
523 48 89 125
524 48 70 125
525 49 49 0
526 49 51 0
527 49 74 265
528 49 78 265
529 49 49 0
530 49 89 273
531 49 89 273
532 49 54 0
533 49 53 0
534 49 66 370
535 49 49 370
536 50 72 0
537 50 78 500
538 50 79 500
539 50 89 500
540 50 50 0
541 50 62 0
542 51 74 0
543 51 52 0
544 51 61 216
545 51 51 216
546 51 52 0
547 52 53 512
548 52 52 512
549 52 52 0
550 52 53 0
551 52 54 0
552 52 52 503
553 52 53 503
554 53 53 0
555 53 54 44
556 53 53 44
557 53 54 0
558 53 53 0
559 53 53 0
560 53 56 384
561 53 56 384
562 54 54 0
563 54 55 344
564 54 89 344
565 54 54 547
566 54 60 547
567 54 57 553
568 54 62 553
569 54 58 0
570 55 57 0
571 55 57 0
572 55 61 555
573 55 68 555
574 55 89 0
575 56 61 563
576 56 61 563
577 56 57 0
578 56 78 0
579 56 56 0
580 57 59 477
581 57 63 477
582 57 59 0
583 57 57 560
584 57 89 560
585 57 59 0
586 58 58 0
587 58 89 37
588 58 89 37
589 58 58 0
590 58 89 583
591 58 89 583
592 58 59 0
593 59 62 0
594 59 61 0
595 59 59 0
596 59 59 0
597 59 62 305
598 59 59 305
599 59 61 0
600 60 60 0
601 60 89 0
602 60 61 0
603 60 60 0
604 61 89 24
605 61 89 24
606 61 61 0
607 61 61 0
608 61 61 0
609 61 61 118
610 61 89 118
611 61 61 0
612 62 63 572
613 62 62 572
614 62 71 544
615 62 89 544
616 62 63 0
617 62 89 124
618 62 63 124
619 62 65 369
620 62 89 369
621 62 89 138
622 62 62 138
623 63 66 0
624 63 78 0
625 63 89 0
626 63 63 0
627 63 63 0
628 63 73 451
629 63 89 451
630 63 64 0
631 63 64 597
632 63 63 597
633 63 65 568
634 63 66 568
635 64 64 581
636 64 89 581
637 64 67 612
638 64 64 612
639 64 89 66
640 64 89 66
641 64 64 212
642 64 77 212
643 64 64 356
644 64 79 356
645 65 65 0
646 65 89 150
647 65 66 150
648 65 65 631
649 65 65 631
650 65 65 0
651 65 89 0
652 66 66 0
653 66 89 26
654 66 77 26
655 66 66 0
656 66 66 0
657 66 89 69
658 66 89 69
659 66 68 649
660 66 66 649
661 66 66 0
662 67 67 0
663 67 89 660
664 67 89 660
665 67 68 0
666 67 69 0
667 67 81 634
668 67 89 634
669 67 89 534
670 67 68 534
671 68 89 0
672 68 77 470
673 68 76 470
674 68 71 637
675 68 69 637
676 68 89 79
677 68 89 79
678 68 71 79
679 68 68 0
680 68 69 0
681 68 89 0
682 69 76 0
683 69 73 0
684 69 73 0
685 69 69 0
686 69 89 573
687 69 89 573
688 69 89 60
689 69 89 60
690 69 69 0
691 69 69 0
692 69 69 0
693 69 71 659
694 69 72 659
695 69 89 659
696 69 69 0
697 69 73 0
698 69 81 0
699 70 71 0
700 70 70 0
701 70 89 666
702 70 89 666
703 71 77 35
704 71 71 35
705 71 80 0
706 71 71 0
707 71 82 0
708 71 84 0
709 71 72 0
710 71 72 524
711 71 74 524
712 71 71 0
713 71 78 0
714 72 74 0
715 72 89 674
716 72 73 674
717 72 72 614
718 72 72 614
719 72 72 0
720 72 89 161
721 72 89 161
722 72 77 678
723 72 89 678
724 72 73 0
725 72 72 152
726 72 73 152
727 72 73 113
728 72 74 113
729 73 73 0
730 73 73 0
731 73 76 0
732 73 79 0
733 74 88 149
734 74 75 149
735 74 75 726
736 74 76 726
737 74 89 115
738 74 89 115
739 74 89 122
740 74 74 122
741 74 89 122
742 74 75 0
743 75 89 425
744 75 82 425
745 75 89 0
746 75 80 453
747 75 78 453
748 75 75 0
749 75 89 82
750 75 89 82
751 75 75 0
752 75 76 0
753 75 86 728
754 75 87 728
755 75 79 0
756 75 86 711
757 75 89 711
758 76 89 0
759 76 76 0
760 76 78 0
761 76 77 0
762 76 83 271
763 76 89 271
764 76 77 0
765 76 76 0
766 76 76 92
767 76 89 92
768 76 89 92
769 76 76 734
770 76 82 734
771 76 89 284
772 76 89 284
773 77 86 0
774 77 77 0
775 77 81 0
776 77 89 731
777 77 77 731
778 77 82 736
779 77 86 736
780 78 89 0
781 78 79 0
782 78 89 654
783 78 79 654
784 78 82 703
785 78 81 703
786 78 89 672
787 78 79 672
788 78 89 642
789 78 79 642
790 78 89 0
791 79 83 3
792 79 79 3
793 79 89 447
794 79 89 447
795 79 85 0
796 79 89 528
797 79 89 528
798 79 81 0
799 79 79 0
800 79 80 0
801 79 89 0
802 80 85 0
803 80 84 0
804 80 81 0
805 80 80 0
806 80 84 538
807 80 82 538
808 80 80 0
809 80 89 644
810 80 80 644
811 80 81 0
812 81 81 746
813 81 89 746
814 81 89 0
815 81 89 0
816 81 89 0
817 81 81 0
818 81 82 0
819 81 89 0
820 82 89 812
821 82 82 812
822 82 82 0
823 82 82 0
824 82 84 0
825 82 82 0
826 82 85 510
827 82 86 510
828 83 89 40
829 83 83 40
830 83 89 784
831 83 83 784
832 83 83 0
833 83 86 0
834 83 83 807
835 83 89 807
836 83 83 0
837 83 84 0
838 84 84 791
839 84 89 791
840 84 84 829
841 84 89 829
842 84 89 829
843 84 87 762
844 84 86 762
845 84 89 0
846 84 84 0
847 84 84 0
848 84 88 0
849 85 89 0
850 85 86 0
851 85 89 806
852 85 89 806
853 85 86 0
854 85 85 0
855 86 86 0
856 86 86 0
857 86 89 0
858 86 86 208
859 86 87 208
860 86 86 0
861 86 88 0
862 86 87 0
863 86 89 165
864 86 89 165
865 86 86 0
866 87 87 0
867 87 89 266
868 87 89 266
869 87 88 0
870 87 89 779
871 87 89 779
872 87 89 827
873 87 89 827
874 88 88 859
875 88 89 859
876 88 89 0
877 88 89 0
878 88 89 754
879 88 89 754
880 88 89 0
881 88 89 0
882 89 89 0
883 89 89 0
884 89 89 733
885 89 89 733
886 89 89 0
