1 0 40 0
2 0 29 0
3 0 16 0
4 0 0 0
5 0 23 0
6 0 34 0
7 0 1 0
8 0 40 0
9 0 40 0
10 0 13 0
11 0 33 0
12 0 40 0
13 0 3 0
14 0 40 0
15 0 40 0
16 0 40 0
17 0 40 0
18 0 40 0
19 0 40 0
20 0 40 0
21 0 40 0
22 0 40 0
23 0 35 0
24 0 40 0
25 0 40 0
26 0 40 0
27 0 40 0
28 0 40 0
29 0 6 0
30 0 33 0
31 0 40 0
32 0 40 0
33 0 40 0
34 0 40 0
35 0 40 0
36 0 40 0
37 0 40 0
38 0 40 0
39 0 40 0
40 0 40 0
41 0 40 0
42 0 40 0
43 0 10 0
44 0 40 0
45 0 34 0
46 0 0 0
47 0 30 0
48 0 6 0
49 0 40 0
50 0 40 0
51 0 40 0
52 0 40 0
53 0 0 0
54 0 10 0
55 0 4 0
56 0 38 0
57 0 40 0
58 0 40 0
59 0 40 0
60 0 40 0
61 0 7 0
62 0 40 0
63 0 9 0
64 0 40 0
65 0 24 0
66 0 40 0
67 0 4 0
68 0 33 0
69 0 9 0
70 0 40 0
71 0 32 0
72 0 14 0
73 0 4 0
74 0 40 0
75 0 40 0
76 0 7 0
77 0 9 0
78 0 40 0
79 0 40 0
80 0 10 0
81 0 40 0
82 0 40 0
83 0 0 0
84 0 40 0
85 0 29 0
86 0 16 0
87 0 6 0
88 0 40 0
89 0 40 0
90 0 40 0
91 0 40 0
92 0 40 0
93 0 40 0
94 0 40 0
95 0 40 0
96 0 40 0
97 0 4 0
98 0 15 0
99 0 5 0
100 0 40 0
101 0 40 0
102 0 2 0
103 0 40 0
104 0 40 0
105 0 40 0
106 0 16 0
107 0 40 0
108 0 40 0
109 0 40 0
110 0 40 0
111 0 0 0
112 0 40 0
113 0 40 0
114 0 40 0
115 0 0 0
116 0 40 0
117 0 19 0
118 0 36 0
119 0 5 0
120 0 15 0
121 0 1 0
122 0 0 0
123 0 40 0
124 0 40 0
125 0 40 0
126 0 35 0
127 0 20 0
128 0 40 0
129 0 40 0
130 0 40 0
131 0 40 0
132 0 40 0
133 0 1 0
134 0 2 0
135 0 34 0
136 1 40 0
137 1 2 0
138 1 40 0
139 1 2 122
140 1 35 122
141 3 3 0
142 4 38 0
143 5 5 0
144 5 5 0
145 5 7 0
146 5 40 55
147 5 40 55
148 5 7 67
149 5 31 67
150 5 40 97
151 5 40 97
152 5 5 0
153 5 18 0
154 6 40 99
155 6 20 99
156 6 7 119
157 6 8 119
158 6 6 0
159 7 25 0
160 8 15 0
161 8 40 61
162 8 40 61
163 8 8 61
164 8 8 0
165 9 10 0
166 9 10 0
167 9 40 157
168 9 40 157
169 10 34 63
170 10 40 63
171 10 40 69
172 10 40 69
173 10 40 77
174 10 40 77
175 10 12 0
176 11 11 0
177 11 40 43
178 11 40 43
179 11 40 54
180 11 40 54
181 11 11 80
182 11 40 80
183 12 12 0
184 12 12 0
185 13 14 0
186 13 14 0
187 13 14 0
188 14 40 10
189 14 40 10
190 14 15 0
191 14 19 0
192 14 14 0
193 14 18 0
194 15 40 0
195 15 40 72
196 15 40 72
197 15 15 0
198 16 16 0
199 16 16 0
200 16 16 0
201 16 40 98
202 16 40 98
203 16 22 0
204 17 23 0
205 17 17 199
206 17 17 199
207 17 17 0
208 17 40 86
209 17 40 86
210 18 18 0
211 18 18 0
212 18 19 0
213 19 21 0
214 19 40 0
215 19 19 0
216 19 27 153
217 19 20 153
218 20 21 0
219 20 40 117
220 20 37 117
221 21 36 0
222 21 40 155
223 21 28 155
224 21 24 217
225 21 22 217
226 22 22 0
227 22 40 0
228 23 26 0
229 24 40 0
230 24 27 0
231 25 32 0
232 25 26 0
233 25 40 65
234 25 40 65
235 25 25 0
236 25 28 0
237 25 32 224
238 25 28 224
239 26 26 0
240 27 27 232
241 27 40 232
242 27 30 0
243 27 40 0
244 27 40 0
245 29 32 0
246 29 33 0
247 29 36 223
248 29 32 223
249 29 29 0
250 29 31 0
251 29 40 0
252 30 30 0
253 30 40 2
254 30 40 2
255 30 40 85
256 30 40 85
257 30 40 0
258 31 36 47
259 31 31 47
260 31 40 47
261 31 40 0
262 32 32 0
263 33 40 231
264 33 40 231
265 33 33 0
266 33 33 0
267 33 40 71
268 33 40 71
269 33 36 0
270 33 38 0
271 33 37 237
272 33 39 237
273 34 34 0
274 34 40 68
275 34 40 68
276 34 34 0
277 35 40 6
278 35 36 6
279 35 40 6
280 35 40 45
281 35 35 45
282 35 36 45
283 35 35 0
284 35 40 0
285 36 40 0
286 36 37 0
287 36 40 0
288 37 37 221
289 37 40 221
290 37 40 221
291 37 39 258
292 37 40 258
293 37 40 118
294 37 37 118
295 37 37 0
296 37 40 0
297 38 38 288
298 38 38 288
299 38 38 0
300 38 40 0
301 38 38 0
302 38 38 0
303 38 40 294
304 38 40 294
305 38 39 271
306 38 39 271
307 38 40 0
308 39 40 0
309 39 40 0
310 39 39 297
311 39 40 297
312 39 40 56
313 39 40 56
314 39 40 0
315 39 39 0
316 40 40 0
317 40 40 305
318 40 40 305
319 40 40 305
