1 0 99 0
2 0 30 0
3 0 39 0
4 0 31 0
5 0 31 0
6 0 42 0
7 0 4 0
8 0 70 0
9 0 172 0
10 0 13 0
11 0 111 0
12 0 178 0
13 0 86 0
14 0 2 0
15 0 16 0
16 0 126 0
17 0 96 0
18 0 36 0
19 0 21 0
20 0 22 0
21 0 70 0
22 0 1 0
23 0 14 0
24 0 5 0
25 0 53 0
26 0 123 0
27 0 14 0
28 0 292 0
29 0 106 0
30 0 53 0
31 0 105 0
32 0 82 0
33 0 149 0
34 0 299 0
35 0 86 0
36 0 201 0
37 0 84 0
38 0 67 0
39 0 124 0
40 0 43 0
41 0 146 0
42 0 169 0
43 0 144 0
44 0 86 0
45 0 149 0
46 0 114 0
47 0 144 0
48 0 92 0
49 0 216 0
50 0 221 0
51 0 110 0
52 0 299 0
53 0 168 0
54 0 204 0
55 0 55 0
56 0 91 0
57 0 57 0
58 0 33 0
59 0 88 0
60 0 160 0
61 0 68 0
62 2 5 0
63 3 6 14
64 3 5 14
65 5 8 7
66 5 12 7
67 6 12 64
68 6 11 64
69 6 6 0
70 6 9 24
71 6 6 24
72 7 8 0
73 7 8 63
74 7 7 63
75 8 8 0
76 9 10 73
77 9 9 73
78 10 28 70
79 10 10 70
80 10 10 0
81 11 67 0
82 11 11 0
83 11 11 0
84 11 13 76
85 11 11 76
86 11 11 0
87 12 12 0
88 13 13 0
89 13 14 67
90 13 15 67
91 14 14 10
92 14 22 10
93 14 18 10
94 14 14 0
95 14 14 0
96 14 14 0
97 15 15 0
98 15 17 89
99 15 18 89
100 15 111 23
101 15 18 23
102 16 16 0
103 17 17 0
104 18 18 0
105 18 18 98
106 18 18 98
107 19 21 93
108 19 54 93
109 19 20 0
110 19 21 99
111 19 21 99
112 19 19 101
113 19 22 101
114 19 19 0
115 21 21 0
116 22 22 0
117 22 29 110
118 22 90 110
119 23 23 0
120 23 40 92
121 23 23 92
122 23 26 20
123 23 23 20
124 23 27 113
125 23 32 113
126 24 24 0
127 27 54 122
128 27 100 122
129 27 27 0
130 29 47 78
131 29 52 78
132 30 35 117
133 30 32 117
134 32 81 5
135 32 74 5
136 32 68 4
137 32 58 4
138 33 34 125
139 33 33 125
140 34 36 58
141 34 35 58
142 35 37 138
143 35 36 138
144 36 41 0
145 36 38 132
146 36 36 132
147 37 163 18
148 37 110 18
149 37 51 140
150 37 48 140
151 38 43 142
152 38 54 142
153 39 40 145
154 39 110 145
155 41 55 120
156 41 95 120
157 41 42 153
158 41 41 153
159 42 42 0
160 43 66 6
161 43 47 6
162 43 46 157
163 43 80 157
164 44 62 40
165 44 61 40
166 45 69 0
167 45 45 0
168 46 46 0
169 47 49 162
170 47 48 162
171 47 48 162
172 48 136 161
173 48 162 161
174 48 48 130
175 48 53 130
176 50 55 169
177 50 50 169
178 52 52 0
179 52 65 149
180 52 53 149
181 53 53 0
182 54 55 0
183 54 54 175
184 54 102 175
185 54 124 25
186 54 135 25
187 54 79 30
188 54 77 30
189 54 63 0
190 55 65 127
191 55 59 127
192 55 97 183
193 55 145 183
194 56 62 155
195 56 56 155
196 56 56 0
197 56 68 176
198 56 57 176
199 56 56 55
200 56 60 55
201 58 59 198
202 58 69 198
203 58 58 57
204 58 94 57
205 61 75 200
206 61 70 200
207 63 82 194
208 63 81 194
209 63 65 164
210 63 64 164
211 64 65 0
212 66 73 190
213 66 69 190
214 66 69 209
215 66 67 209
216 67 68 0
217 68 71 38
218 68 75 38
219 69 76 136
220 69 69 136
221 69 69 61
222 69 74 61
223 70 70 202
224 70 71 202
225 70 118 202
226 70 98 214
227 70 71 214
228 71 72 8
229 71 73 8
230 71 74 21
231 71 299 21
232 72 72 224
233 72 74 224
234 73 111 0
235 74 98 229
236 74 99 229
237 74 87 212
238 74 75 212
239 75 97 135
240 75 92 135
241 75 79 233
242 75 81 233
243 75 76 222
244 75 163 222
245 76 91 218
246 76 101 218
247 76 115 205
248 76 82 205
249 77 78 0
250 77 77 219
251 77 83 219
252 77 116 243
253 77 86 243
254 78 82 250
255 78 78 250
256 80 82 0
257 80 98 241
258 80 108 241
259 80 151 187
260 80 137 187
261 82 83 242
262 82 82 242
263 83 92 254
264 83 83 254
265 83 83 207
266 83 95 207
267 84 84 0
268 84 90 261
269 84 88 261
270 85 99 0
271 85 87 37
272 85 88 37
273 86 125 0
274 87 169 13
275 87 164 13
276 87 141 44
277 87 111 44
278 88 96 237
279 88 90 237
280 89 171 272
281 89 99 272
282 89 127 59
283 89 96 59
284 91 96 118
285 91 92 118
286 91 96 268
287 91 92 268
288 92 111 245
289 92 105 245
290 93 99 263
291 93 106 263
292 93 100 240
293 93 104 240
294 93 98 48
295 93 95 48
296 96 96 156
297 96 112 156
298 96 99 266
299 96 258 266
300 97 140 0
301 97 102 284
302 97 111 284
303 97 124 278
304 97 112 278
305 97 171 17
306 97 163 17
307 97 98 286
308 97 98 286
309 98 107 239
310 98 141 239
311 98 108 192
312 98 101 192
313 99 99 307
314 99 113 307
315 99 99 226
316 99 101 226
317 99 101 294
318 99 103 294
319 99 99 0
320 100 100 1
321 100 101 1
322 100 107 290
323 100 105 290
324 100 100 298
325 100 140 298
326 100 109 236
327 100 107 236
328 100 102 281
329 100 168 281
330 101 102 292
331 101 116 292
332 101 101 0
333 101 115 128
334 101 135 128
335 102 102 321
336 102 144 321
337 102 102 316
338 102 132 316
339 103 104 184
340 103 105 184
341 103 104 0
342 104 106 318
343 104 112 318
344 104 104 0
345 105 107 293
346 105 105 293
347 105 111 339
348 105 113 339
349 106 106 31
350 106 107 31
351 106 108 289
352 106 110 289
353 107 114 29
354 107 113 29
355 107 107 0
356 107 130 0
357 108 109 322
358 108 108 322
359 108 108 345
360 108 117 345
361 108 108 350
362 108 113 350
363 109 121 258
364 109 122 258
365 109 109 0
366 109 115 0
367 110 110 357
368 110 111 357
369 110 110 0
370 110 156 326
371 110 110 326
372 110 110 0
373 111 119 51
374 111 115 51
375 112 165 234
376 112 115 234
377 112 115 368
378 112 116 368
379 112 126 11
380 112 116 11
381 112 122 302
382 112 114 302
383 112 112 100
384 112 117 100
385 112 115 288
386 112 113 288
387 113 120 297
388 113 113 297
389 113 137 297
390 113 187 343
391 113 186 343
392 114 120 314
393 114 120 314
394 114 122 348
395 114 146 348
396 114 120 362
397 114 115 362
398 115 121 382
399 115 135 382
400 115 131 353
401 115 141 353
402 115 176 46
403 115 121 46
404 116 119 333
405 116 130 333
406 116 117 385
407 116 116 385
408 116 190 247
409 116 177 247
410 117 128 378
411 117 118 378
412 117 117 252
413 117 118 252
414 118 121 360
415 118 132 360
416 118 127 384
417 118 149 384
418 118 118 406
419 118 118 406
420 119 124 418
421 119 119 418
422 119 124 413
423 119 125 413
424 120 120 421
425 120 124 421
426 120 133 373
427 120 140 373
428 121 180 387
429 121 136 387
430 121 124 392
431 121 121 392
432 121 123 396
433 121 122 396
434 121 121 0
435 121 130 0
436 122 148 0
437 122 128 414
438 122 122 414
439 123 154 364
440 123 129 364
441 123 136 381
442 123 127 381
443 123 123 394
444 123 131 394
445 124 173 432
446 124 212 432
447 124 125 0
448 125 125 430
449 125 127 430
450 125 148 185
451 125 156 185
452 125 142 39
453 125 126 39
454 125 125 425
455 125 126 425
456 125 192 0
457 126 130 448
458 126 129 448
459 126 127 454
460 126 128 454
461 126 128 423
462 126 131 423
463 127 128 379
464 127 129 379
465 127 175 16
466 127 132 16
467 127 127 0
468 127 127 0
469 128 129 416
470 128 128 416
471 128 128 0
472 128 138 0
473 128 174 282
474 128 131 282
475 129 161 410
476 129 132 410
477 129 131 410
478 129 134 437
479 129 131 437
480 129 129 0
481 129 131 460
482 129 130 460
483 129 132 460
484 130 141 464
485 130 143 464
486 130 130 0
487 130 135 469
488 130 130 469
489 130 130 0
490 131 132 457
491 131 141 457
492 131 132 405
493 131 182 405
494 132 150 444
495 132 132 444
496 132 133 481
497 132 132 481
498 132 161 0
499 132 174 0
500 132 134 0
501 133 137 476
502 133 133 476
503 133 137 415
504 133 133 415
505 133 139 492
506 133 133 492
507 133 151 495
508 133 137 495
509 133 269 338
510 133 139 338
511 134 137 496
512 134 140 496
513 135 179 478
514 135 146 478
515 135 158 0
516 136 139 487
517 136 139 487
518 136 140 334
519 136 142 334
520 136 138 0
521 137 139 441
522 137 140 441
523 137 137 0
524 138 140 501
525 138 138 501
526 138 170 501
527 138 142 503
528 138 145 503
529 138 158 508
530 138 139 508
531 138 143 511
532 138 138 511
533 139 141 532
534 139 139 532
535 139 140 472
536 139 187 472
537 139 153 0
538 140 152 516
539 140 144 516
540 140 142 505
541 140 145 505
542 140 172 510
543 140 164 510
544 140 153 534
545 140 164 534
546 140 140 0
547 141 210 300
548 141 144 300
549 141 141 524
550 141 141 524
551 141 147 325
552 141 146 325
553 141 141 522
554 141 142 522
555 141 142 427
556 141 141 427
557 142 144 549
558 142 145 549
559 142 143 491
560 142 142 491
561 142 142 0
562 142 142 401
563 142 143 401
564 142 147 533
565 142 142 533
566 143 146 527
567 143 143 527
568 143 160 554
569 143 146 554
570 143 145 519
571 143 146 519
572 143 143 0
573 143 146 452
574 143 150 452
575 143 150 555
576 143 145 555
577 144 144 0
578 144 144 0
579 144 145 559
580 144 147 559
581 144 146 563
582 144 150 563
583 144 146 531
584 144 155 531
585 145 147 336
586 145 147 336
587 145 160 539
588 145 148 539
589 145 145 0
590 145 183 43
591 145 198 43
592 145 148 47
593 145 145 47
594 146 150 558
595 146 157 558
596 146 150 558
597 146 146 528
598 146 147 528
599 146 184 541
600 146 162 541
601 146 146 0
602 146 147 579
603 146 146 579
604 146 170 193
605 146 171 193
606 147 153 569
607 147 152 569
608 147 147 571
609 147 149 571
610 147 147 395
611 147 147 395
612 147 183 41
613 147 178 41
614 147 161 0
615 148 160 585
616 148 171 585
617 148 164 551
618 148 149 551
619 148 148 598
620 148 150 598
621 148 148 598
622 148 151 602
623 148 156 602
624 148 148 602
625 148 163 610
626 148 165 610
627 149 203 624
628 149 174 624
629 149 149 450
630 149 167 450
631 149 162 592
632 149 150 592
633 150 159 618
634 150 153 618
635 150 161 618
636 150 150 0
637 150 174 609
638 150 181 609
639 150 156 417
640 150 157 417
641 150 150 629
642 150 182 629
643 150 240 33
644 150 260 33
645 150 151 45
646 150 150 45
647 150 152 0
648 151 164 0
649 151 151 620
650 151 153 620
651 151 151 0
652 151 151 620
653 151 163 641
654 151 183 641
655 151 151 582
656 151 155 582
657 151 156 574
658 151 162 574
659 151 174 575
660 151 177 575
661 152 152 0
662 152 152 622
663 152 157 622
664 152 156 507
665 152 155 507
666 152 163 655
667 152 152 655
668 152 152 259
669 152 154 259
670 152 176 645
671 152 155 645
672 153 175 0
673 153 181 538
674 153 165 538
675 154 162 650
676 154 156 650
677 154 157 606
678 154 154 606
679 154 155 544
680 154 167 544
681 155 156 669
682 155 155 669
683 155 206 0
684 156 156 656
685 156 160 656
686 156 168 584
687 156 169 584
688 156 161 682
689 156 158 682
690 157 174 370
691 157 168 370
692 157 157 676
693 157 160 676
694 157 159 623
695 157 157 623
696 158 189 595
697 158 160 595
698 158 160 692
699 158 174 692
700 158 161 663
701 158 159 663
702 158 159 677
703 158 158 677
704 158 158 640
705 158 159 640
706 159 160 529
707 159 162 529
708 160 163 633
709 160 160 633
710 160 160 702
711 160 162 702
712 160 178 694
713 160 164 694
714 160 163 705
715 160 206 705
716 161 161 615
717 161 162 615
718 161 203 697
719 161 184 697
720 161 164 693
721 161 161 693
722 161 163 698
723 161 162 698
724 161 173 706
725 161 163 706
726 161 176 685
727 161 167 685
728 161 161 60
729 161 168 60
730 162 172 700
731 162 171 700
732 162 174 688
733 162 179 688
734 162 183 498
735 162 176 498
736 163 170 717
737 163 175 717
738 163 169 675
739 163 166 675
740 163 163 711
741 163 163 711
742 163 192 600
743 163 179 600
744 163 200 658
745 163 163 658
746 163 163 631
747 163 165 631
748 163 163 0
749 163 173 0
750 164 165 708
751 164 171 708
752 164 182 722
753 164 164 722
754 164 174 147
755 164 176 147
756 164 164 741
757 164 170 741
758 164 170 306
759 164 226 306
760 164 164 725
761 164 171 725
762 164 164 746
763 164 167 746
764 164 170 244
765 164 176 244
766 165 191 0
767 165 169 756
768 165 165 756
769 165 166 713
770 165 165 713
771 165 167 275
772 165 165 275
773 165 166 543
774 165 167 543
775 165 194 0
776 166 168 750
777 166 172 750
778 166 182 674
779 166 195 674
780 166 171 770
781 166 191 770
782 166 167 626
783 166 166 626
784 166 173 0
785 168 168 0
786 168 197 630
787 168 172 630
788 168 172 782
789 168 177 782
790 168 178 727
791 168 177 727
792 168 169 680
793 168 188 680
794 168 186 763
795 168 172 763
796 168 168 763
797 169 270 329
798 169 200 329
799 169 174 53
800 169 174 53
801 169 176 729
802 169 180 729
803 170 172 738
804 170 174 738
805 170 260 274
806 170 205 274
807 170 170 767
808 170 172 767
809 170 179 767
810 170 172 0
811 170 171 687
812 170 170 687
813 170 172 792
814 170 182 792
815 170 299 42
816 170 175 42
817 170 197 0
818 171 171 526
819 171 177 526
820 171 173 807
821 171 172 807
822 171 174 758
823 171 173 758
824 171 172 764
825 171 171 764
826 172 181 305
827 172 250 305
828 172 177 605
829 172 180 605
830 172 176 280
831 172 180 280
832 173 173 803
833 173 177 803
834 173 176 9
835 173 177 9
836 173 176 777
837 173 174 777
838 173 173 730
839 173 191 730
840 173 178 787
841 173 180 787
842 173 178 788
843 173 174 788
844 173 175 813
845 173 173 813
846 173 186 542
847 173 185 542
848 173 173 795
849 173 173 795
850 173 177 824
851 173 173 824
852 174 176 820
853 174 176 820
854 174 180 823
855 174 174 823
856 174 186 724
857 174 196 724
858 174 181 724
859 174 179 0
860 174 189 0
861 174 174 848
862 174 176 848
863 174 178 0
864 175 193 690
865 175 189 690
866 175 176 804
867 175 175 804
868 175 177 804
869 175 175 699
870 175 176 699
871 175 176 732
872 175 175 732
873 175 183 861
874 175 180 861
875 175 177 659
876 175 203 659
877 175 179 473
878 175 180 473
879 176 181 737
880 176 177 737
881 176 180 465
882 176 191 465
883 176 299 844
884 176 184 844
885 176 179 844
886 177 177 836
887 177 177 836
888 177 187 834
889 177 180 834
890 177 179 852
891 177 184 852
892 177 178 870
893 177 211 870
894 177 178 755
895 177 179 755
896 177 190 871
897 177 179 871
898 177 177 670
899 177 178 670
900 177 213 402
901 177 181 402
902 177 178 801
903 177 180 801
904 178 180 886
905 178 178 886
906 178 183 833
907 178 182 833
908 178 179 819
909 178 179 819
910 178 178 0
911 178 185 789
912 178 179 789
913 178 186 660
914 178 185 660
915 178 193 850
916 178 178 850
917 179 198 12
918 179 180 12
919 179 180 712
920 179 180 712
921 179 180 790
922 179 200 790
923 179 182 899
924 179 185 899
925 179 180 916
926 179 194 916
927 180 183 908
928 180 183 908
929 180 201 895
930 180 205 895
931 180 187 890
932 180 186 890
933 180 194 743
934 180 183 743
935 180 182 809
936 180 186 809
937 180 180 809
938 180 191 0
939 180 181 912
940 180 180 912
941 180 184 885
942 180 180 885
943 181 181 904
944 181 181 904
945 181 189 889
946 181 181 889
947 181 182 904
948 181 181 918
949 181 202 918
950 181 195 918
951 181 187 919
952 181 182 919
953 181 185 920
954 181 198 920
955 181 184 854
956 181 183 854
957 181 181 841
958 181 181 841
959 181 218 829
960 181 299 829
961 181 183 921
962 181 181 921
963 181 189 831
964 181 207 831
965 181 214 0
966 181 181 874
967 181 182 874
968 181 198 802
969 181 183 802
970 181 184 878
971 181 189 878
972 182 182 943
973 182 182 943
974 182 187 943
975 182 187 879
976 182 188 879
977 182 198 638
978 182 203 638
979 182 182 957
980 182 196 957
981 182 185 858
982 182 192 858
983 182 182 0
984 183 185 973
985 183 184 973
986 183 183 752
987 183 184 752
988 183 183 778
989 183 185 778
990 183 190 493
991 183 190 493
992 183 190 979
993 183 183 979
994 184 188 906
995 184 184 906
996 184 186 927
997 184 184 927
998 184 187 654
999 184 194 654
1000 184 191 961
1001 184 191 961
1002 184 184 0
1003 184 216 612
1004 184 187 612
1005 184 195 873
1006 184 187 873
1007 184 185 873
1008 184 190 734
1009 184 205 734
1010 184 186 969
1011 184 186 969
1012 185 185 987
1013 185 189 987
1014 185 195 955
1015 185 187 955
1016 185 185 955
1017 185 190 941
1018 185 188 941
1019 185 188 0
1020 186 192 984
1021 186 189 984
1022 186 202 989
1023 186 197 989
1024 186 200 989
1025 186 186 1016
1026 186 186 1016
1027 186 186 911
1028 186 187 911
1029 186 186 924
1030 186 192 924
1031 187 190 0
1032 187 187 996
1033 187 188 996
1034 187 189 996
1035 187 190 936
1036 187 211 936
1037 187 190 856
1038 187 189 856
1039 187 189 936
1040 187 198 1027
1041 187 187 1027
1042 187 194 846
1043 187 189 846
1044 187 191 1029
1045 187 191 1029
1046 187 192 1029
1047 187 189 913
1048 187 223 913
1049 188 188 0
1050 188 190 974
1051 188 189 974
1052 188 188 975
1053 188 189 975
1054 188 189 931
1055 188 188 931
1056 188 188 951
1057 188 190 951
1058 188 194 1015
1059 188 189 1015
1060 188 191 1006
1061 188 199 1006
1062 188 214 390
1063 188 203 390
1064 189 189 1052
1065 189 189 1052
1066 189 190 976
1067 189 191 976
1068 189 213 994
1069 189 259 994
1070 189 189 1033
1071 189 190 1033
1072 189 193 1056
1073 189 194 1056
1074 189 189 1018
1075 189 192 1018
1076 189 190 793
1077 189 192 793
1078 190 198 945
1079 190 191 945
1080 190 191 696
1081 190 196 696
1082 190 201 1013
1083 190 192 1013
1084 190 190 1021
1085 190 191 1021
1086 190 192 865
1087 190 194 865
1088 190 190 1054
1089 190 193 1054
1090 190 196 1059
1091 190 191 1059
1092 190 192 963
1093 190 190 963
1094 190 223 860
1095 190 217 860
1096 190 191 971
1097 190 206 971
1098 191 191 0
1099 191 219 1066
1100 191 199 1066
1101 191 194 1050
1102 191 191 1050
1103 191 193 1066
1104 191 192 1084
1105 191 205 1084
1106 191 191 1071
1107 191 193 1071
1108 191 217 1071
1109 191 191 1035
1110 191 193 1035
1111 191 233 1037
1112 191 224 1037
1113 191 192 992
1114 191 191 992
1115 191 191 0
1116 191 192 896
1117 191 198 896
1118 191 247 0
1119 191 193 0
1120 191 192 408
1121 191 191 408
1122 192 193 1079
1123 192 201 1079
1124 192 236 839
1125 192 208 839
1126 192 192 882
1127 192 192 882
1128 192 201 781
1129 192 192 781
1130 192 198 1096
1131 192 193 1096
1132 193 194 1020
1133 193 193 1020
1134 193 202 1083
1135 193 198 1083
1136 193 193 742
1137 193 201 742
1138 193 196 742
1139 193 193 1126
1140 193 194 1126
1141 193 198 1092
1142 193 194 1092
1143 193 195 1075
1144 193 204 1075
1145 193 193 1077
1146 193 199 1077
1147 193 207 1046
1148 193 219 1046
1149 193 194 1120
1150 193 197 1120
1151 194 197 1103
1152 194 197 1103
1153 194 201 864
1154 194 196 864
1155 194 197 1136
1156 194 202 1136
1157 194 195 1122
1158 194 205 1122
1159 194 196 1107
1160 194 206 1107
1161 194 199 1089
1162 194 195 1089
1163 194 194 1145
1164 194 195 1145
1165 194 196 915
1166 194 194 915
1167 195 197 1073
1168 195 196 1073
1169 195 257 1140
1170 195 201 1140
1171 195 226 1140
1172 195 220 1042
1173 195 216 1042
1174 195 226 1149
1175 195 199 1149
1176 195 199 926
1177 195 204 926
1178 195 200 775
1179 195 195 775
1180 196 199 950
1181 196 210 950
1182 196 198 779
1183 196 203 779
1184 196 198 1014
1185 196 196 1014
1186 196 197 0
1187 196 200 1143
1188 196 196 1143
1189 196 198 1164
1190 196 198 1164
1191 196 197 1005
1192 196 199 1005
1193 197 200 1159
1194 197 199 1159
1195 197 197 1081
1196 197 197 1081
1197 197 222 1154
1198 197 246 1154
1199 197 204 1081
1200 197 205 1138
1201 197 205 1138
1202 197 213 1090
1203 197 197 1090
1204 197 202 857
1205 197 197 857
1206 197 202 980
1207 197 215 980
1208 197 198 1165
1209 197 199 1165
1210 198 224 0
1211 198 199 1155
1212 198 205 1155
1213 198 201 1167
1214 198 206 1167
1215 198 198 786
1216 198 200 786
1217 199 215 1078
1218 199 201 1078
1219 199 210 1184
1220 199 199 1184
1221 199 208 977
1222 199 203 977
1223 199 199 954
1224 199 200 954
1225 199 208 1040
1226 199 199 1040
1227 199 201 1117
1228 199 200 1117
1229 199 203 1141
1230 199 199 1141
1231 199 201 968
1232 199 282 968
1233 199 205 1130
1234 199 203 1130
1235 200 204 0
1236 200 205 1211
1237 200 201 1211
1238 200 207 1100
1239 200 202 1100
1240 200 205 1211
1241 200 203 1100
1242 200 201 1100
1243 200 200 1180
1244 200 203 1180
1245 200 205 1161
1246 200 204 1161
1247 200 201 1226
1248 200 201 1226
1249 200 201 1146
1250 200 260 1146
1251 200 218 0
1252 200 215 1192
1253 200 200 1192
1254 200 203 1209
1255 200 204 1209
1256 200 214 1175
1257 200 200 1175
1258 201 201 1193
1259 201 202 1193
1260 201 208 1024
1261 201 201 1024
1262 201 214 1216
1263 201 212 1216
1264 201 269 1216
1265 201 202 922
1266 201 202 922
1267 201 201 1187
1268 201 202 1187
1269 201 201 744
1270 201 202 744
1271 201 201 798
1272 201 204 798
1273 201 213 1178
1274 201 205 1178
1275 202 209 1258
1276 202 208 1258
1277 202 208 1170
1278 202 202 1170
1279 202 253 1261
1280 202 216 1261
1281 202 202 1128
1282 202 204 1128
1283 202 204 1213
1284 202 203 1213
1285 202 221 1247
1286 202 203 1247
1287 202 210 1227
1288 202 208 1227
1289 202 202 1227
1290 202 202 1249
1291 202 225 1249
1292 202 207 1271
1293 202 203 1271
1294 203 212 0
1295 203 206 1134
1296 203 209 1134
1297 203 203 1134
1298 203 206 1156
1299 203 203 1156
1300 203 219 1204
1301 203 208 1204
1302 203 207 1204
1303 203 215 1268
1304 203 205 1268
1305 203 204 1289
1306 203 299 1289
1307 203 209 1270
1308 203 210 1270
1309 203 205 1290
1310 203 216 1290
1311 203 218 0
1312 204 206 1241
1313 204 204 1241
1314 204 212 718
1315 204 206 718
1316 204 209 718
1317 204 204 1244
1318 204 204 1244
1319 204 208 1299
1320 204 204 1299
1321 204 209 1183
1322 204 208 1183
1323 204 208 1183
1324 204 205 1286
1325 204 222 1286
1326 204 204 1293
1327 204 205 1293
1328 204 205 876
1329 204 212 876
1330 205 227 1199
1331 205 253 1199
1332 205 206 1317
1333 205 207 1317
1334 205 210 1283
1335 205 208 1283
1336 205 205 1282
1337 205 205 1282
1338 205 205 1305
1339 205 206 1305
1340 205 205 1255
1341 205 205 1255
1342 205 206 54
1343 205 209 54
1344 205 210 0
1345 205 209 0
1346 206 206 1240
1347 206 210 1240
1348 206 211 1158
1349 206 216 1158
1350 206 213 1245
1351 206 223 1245
1352 206 207 930
1353 206 208 930
1354 206 207 1336
1355 206 211 1336
1356 206 207 1304
1357 206 206 1304
1358 206 207 1327
1359 206 206 1327
1360 206 206 1341
1361 206 207 1341
1362 206 209 1009
1363 206 216 1009
1364 206 207 1233
1365 206 250 1233
1366 207 207 0
1367 207 211 1346
1368 207 212 1346
1369 207 210 1346
1370 207 208 1357
1371 207 208 1357
1372 207 207 683
1373 207 208 683
1374 208 216 1238
1375 208 208 1238
1376 208 209 1238
1377 208 234 1333
1378 208 215 1333
1379 208 218 964
1380 208 222 964
1381 208 208 1358
1382 208 209 1358
1383 208 208 1361
1384 208 208 1361
1385 208 209 0
1386 209 210 1276
1387 209 209 1276
1388 209 211 1319
1389 209 209 1319
1390 209 209 1353
1391 209 210 1353
1392 209 223 1125
1393 209 213 1125
1394 209 229 1277
1395 209 219 1277
1396 209 216 1221
1397 209 232 1221
1398 209 214 1225
1399 209 220 1225
1400 209 209 1288
1401 209 210 1288
1402 209 209 1371
1403 209 210 1371
1404 209 213 1381
1405 209 220 1381
1406 209 210 1383
1407 209 209 1383
1408 209 210 1373
1409 209 213 1373
1410 209 219 1384
1411 209 216 1384
1412 210 212 1376
1413 210 216 1376
1414 210 211 1316
1415 210 217 1316
1416 210 210 1296
1417 210 211 1296
1418 210 210 1389
1419 210 210 1389
1420 210 222 1321
1421 210 211 1321
1422 210 211 1343
1423 210 210 1343
1424 211 217 1386
1425 211 219 1386
1426 211 237 1386
1427 211 224 1391
1428 211 220 1391
1429 211 211 1418
1430 211 211 1418
1431 211 211 0
1432 211 220 1403
1433 211 215 1403
1434 211 212 1401
1435 211 217 1401
1436 211 218 1308
1437 211 216 1308
1438 211 211 1403
1439 211 231 1406
1440 211 213 1406
1441 211 230 1408
1442 211 211 1408
1443 211 212 0
1444 212 226 1367
1445 212 228 1367
1446 212 213 0
1447 212 212 1367
1448 212 248 1417
1449 212 215 1417
1450 212 215 1367
1451 212 212 1429
1452 212 224 1429
1453 212 222 1355
1454 212 213 1355
1455 212 215 893
1456 212 213 893
1457 212 217 1421
1458 212 215 1421
1459 212 217 1421
1460 212 212 0
1461 212 224 1422
1462 212 217 1422
1463 213 215 1368
1464 213 247 1368
1465 213 215 1447
1466 213 214 1447
1467 213 216 1451
1468 213 214 1451
1469 213 213 0
1470 213 213 446
1471 213 219 446
1472 213 213 1329
1473 213 218 1329
1474 213 213 0
1475 214 222 0
1476 214 214 1068
1477 214 215 1068
1478 214 221 1350
1479 214 217 1350
1480 214 214 1454
1481 214 217 1454
1482 214 214 1456
1483 214 219 1456
1484 214 221 1202
1485 214 219 1202
1486 214 246 1404
1487 214 226 1404
1488 214 220 1409
1489 214 230 1409
1490 215 215 1466
1491 215 220 1466
1492 215 215 1466
1493 215 216 1466
1494 215 220 1468
1495 215 223 1468
1496 215 215 1480
1497 215 215 1480
1498 215 218 1262
1499 215 215 1262
1500 215 215 1398
1501 215 218 1398
1502 215 215 965
1503 215 252 965
1504 215 215 1062
1505 215 216 1062
1506 215 233 1256
1507 215 215 1256
1508 216 217 1463
1509 216 218 1463
1510 216 216 1477
1511 216 218 1477
1512 216 223 1449
1513 216 216 1449
1514 216 219 1378
1515 216 222 1378
1516 216 219 1496
1517 216 217 1496
1518 216 216 1207
1519 216 217 1207
1520 216 216 1433
1521 216 216 1433
1522 217 217 1493
1523 217 221 1493
1524 217 222 1349
1525 217 218 1349
1526 217 218 1413
1527 217 236 1413
1528 217 217 1413
1529 217 223 1467
1530 217 219 1467
1531 217 227 1280
1532 217 217 1280
1533 217 218 1396
1534 217 218 1396
1535 217 217 0
1536 217 217 1520
1537 217 218 1520
1538 217 221 1437
1539 217 222 1437
1540 217 224 1003
1541 217 222 1003
1542 217 224 1505
1543 217 230 1505
1544 217 217 1505
1545 217 220 1363
1546 217 218 1363
1547 217 222 1411
1548 217 221 1411
1549 217 219 0
1550 218 248 1508
1551 218 247 1508
1552 218 224 1424
1553 218 221 1424
1554 218 219 1415
1555 218 221 1415
1556 218 225 1517
1557 218 219 1517
1558 218 221 1457
1559 218 218 1457
1560 218 234 1481
1561 218 229 1481
1562 218 218 1481
1563 218 227 1459
1564 218 220 1459
1565 218 220 1519
1566 218 221 1519
1567 218 227 1481
1568 218 218 0
1569 218 218 1481
1570 218 255 1435
1571 218 299 1435
1572 218 223 1544
1573 218 218 1544
1574 219 232 1526
1575 219 221 1526
1576 219 223 1525
1577 219 219 1525
1578 219 222 1511
1579 219 250 1511
1580 219 246 1525
1581 219 221 1534
1582 219 241 1534
1583 219 221 1498
1584 219 219 1498
1585 219 222 1501
1586 219 225 1501
1587 219 219 1562
1588 219 220 1562
1589 219 219 0
1590 219 226 1436
1591 219 221 1436
1592 219 219 1537
1593 219 220 1537
1594 219 224 0
1595 220 226 1099
1596 220 232 1099
1597 220 242 1425
1598 220 221 1425
1599 220 222 1514
1600 220 220 1514
1601 220 227 1557
1602 220 220 1557
1603 220 220 1587
1604 220 220 1587
1605 220 220 1483
1606 220 226 1483
1607 220 220 1395
1608 220 224 1395
1609 220 220 1471
1610 220 223 1471
1611 220 221 1592
1612 220 227 1592
1613 220 221 1148
1614 220 222 1148
1615 220 229 0
1616 220 220 1148
1617 220 220 1410
1618 220 229 1410
1619 221 228 1605
1620 221 222 1605
1621 221 222 1428
1622 221 226 1428
1623 221 224 1602
1624 221 222 1602
1625 221 229 1399
1626 221 221 1399
1627 221 223 1565
1628 221 224 1565
1629 221 221 1588
1630 221 221 1588
1631 221 236 1172
1632 221 240 1172
1633 221 221 1405
1634 221 224 1405
1635 221 239 1545
1636 221 230 1545
1637 221 224 1488
1638 221 222 1488
1639 222 222 0
1640 222 222 1523
1641 222 225 1523
1642 222 224 1575
1643 222 222 1575
1644 222 225 1555
1645 222 224 1555
1646 222 226 1558
1647 222 224 1558
1648 222 222 1581
1649 222 223 1581
1650 222 222 0
1651 222 231 1484
1652 222 242 1484
1653 222 222 1629
1654 222 222 1629
1655 222 233 1611
1656 222 222 1611
1657 222 276 1611
1658 222 228 1633
1659 222 222 1633
1660 222 265 50
1661 222 226 50
1662 222 224 1613
1663 222 229 1613
1664 223 224 1197
1665 223 223 1197
1666 223 230 1599
1667 223 226 1599
1668 223 230 1621
1669 223 225 1621
1670 223 223 1653
1671 223 223 1653
1672 223 223 1653
1673 223 223 0
1674 223 225 1585
1675 223 223 1585
1676 223 224 1325
1677 223 226 1325
1678 223 224 1380
1679 223 226 1380
1680 223 246 1656
1681 223 223 1656
1682 223 239 1539
1683 223 230 1539
1684 223 225 1659
1685 223 236 1659
1686 223 223 1614
1687 223 234 1614
1688 223 223 1547
1689 223 225 1547
1690 223 227 1547
1691 223 226 0
1692 224 226 1576
1693 224 228 1576
1694 224 240 1512
1695 224 233 1512
1696 224 226 1351
1697 224 224 1351
1698 224 224 1495
1699 224 232 1495
1700 224 224 0
1701 224 248 1672
1702 224 226 1672
1703 224 235 1672
1704 224 224 1627
1705 224 233 1627
1706 224 224 1671
1707 224 226 1671
1708 224 236 1094
1709 224 229 1094
1710 224 224 1610
1711 224 226 1610
1712 224 224 1681
1713 224 225 1681
1714 224 233 1572
1715 224 224 1572
1716 224 226 1048
1717 224 236 1048
1718 224 225 0
1719 225 229 1664
1720 225 236 1664
1721 225 225 1642
1722 225 232 1642
1723 225 227 1552
1724 225 240 1552
1725 225 242 1427
1726 225 240 1427
1727 225 235 1623
1728 225 225 1623
1729 225 225 0
1730 225 225 1452
1731 225 226 1452
1732 225 228 1706
1733 225 227 1706
1734 225 232 1647
1735 225 226 1647
1736 225 228 1608
1737 225 236 1608
1738 225 237 1112
1739 225 236 1112
1740 225 231 1623
1741 225 226 1628
1742 225 229 1628
1743 225 232 1540
1744 225 248 1540
1745 225 231 1662
1746 225 225 1662
1747 225 228 1715
1748 225 225 1715
1749 225 230 1715
1750 225 231 1461
1751 225 226 1461
1752 225 228 1637
1753 225 227 1637
1754 226 231 1641
1755 226 227 1641
1756 226 228 1721
1757 226 253 1721
1758 226 226 1644
1759 226 236 1644
1760 226 227 1641
1761 226 226 0
1762 226 228 1730
1763 226 226 1730
1764 226 228 1674
1765 226 238 1674
1766 226 227 1713
1767 226 227 1713
1768 226 228 1684
1769 226 227 1684
1770 226 229 1746
1771 226 228 1746
1772 226 240 0
1773 227 229 1692
1774 227 227 1692
1775 227 231 1696
1776 227 230 1696
1777 227 229 1646
1778 227 234 1646
1779 227 229 1622
1780 227 233 1622
1781 227 234 1622
1782 227 239 1677
1783 227 229 1677
1784 227 227 1679
1785 227 230 1679
1786 227 288 1590
1787 227 254 1590
1788 227 228 1711
1789 227 229 1711
1790 227 227 1487
1791 227 239 1487
1792 227 230 1661
1793 227 249 1661
1794 227 237 1716
1795 227 232 1716
1796 227 229 0
1797 228 228 1723
1798 228 230 1723
1799 228 232 1755
1800 228 229 1755
1801 228 228 1601
1802 228 228 1601
1803 228 228 1563
1804 228 250 1563
1805 228 272 1563
1806 228 244 1766
1807 228 228 1766
1808 228 228 1767
1809 228 240 1767
1810 228 229 1790
1811 228 232 1790
1812 228 228 1769
1813 228 232 1769
1814 228 262 1769
1815 229 256 1797
1816 229 263 1797
1817 229 230 1801
1818 229 230 1801
1819 229 229 1801
1820 229 230 1801
1821 229 230 1762
1822 229 229 1762
1823 229 231 1803
1824 229 233 1803
1825 229 231 1802
1826 229 230 1802
1827 229 230 1732
1828 229 229 1732
1829 229 230 1619
1830 229 231 1619
1831 229 229 1807
1832 229 253 1807
1833 229 231 1808
1834 229 244 1808
1835 229 234 1752
1836 229 235 1752
1837 230 230 1773
1838 230 240 1773
1839 230 230 0
1840 230 230 1800
1841 230 233 1800
1842 230 230 1777
1843 230 231 1777
1844 230 238 1394
1845 230 238 1394
1846 230 233 1783
1847 230 230 1783
1848 230 231 1828
1849 230 283 1828
1850 230 230 1789
1851 230 233 1789
1852 230 232 1618
1853 230 236 1618
1854 230 232 0
1855 230 231 0
1856 231 244 0
1857 231 244 1837
1858 231 231 1837
1859 231 233 0
1860 231 234 1840
1861 231 237 1840
1862 231 237 1776
1863 231 236 1776
1864 231 235 1666
1865 231 233 1666
1866 231 234 1821
1867 231 248 1821
1868 231 235 1827
1869 231 233 1827
1870 231 232 1829
1871 231 231 1829
1872 231 231 1827
1873 231 231 1785
1874 231 241 1785
1875 231 260 1543
1876 231 233 1543
1877 231 235 1749
1878 231 231 1749
1879 231 251 1792
1880 231 260 1792
1881 231 239 1636
1882 231 264 1636
1883 231 233 1441
1884 231 235 1441
1885 231 263 0
1886 232 281 1775
1887 232 232 1775
1888 232 233 1825
1889 232 232 1825
1890 232 232 1825
1891 232 242 1843
1892 232 252 1843
1893 232 233 1848
1894 232 232 1848
1895 232 232 1833
1896 232 237 1833
1897 232 232 1745
1898 232 233 1745
1899 232 252 1750
1900 232 245 1750
1901 233 233 1799
1902 233 233 1799
1903 233 233 1722
1904 233 235 1722
1905 233 233 1887
1906 233 236 1887
1907 233 235 1397
1908 233 241 1397
1909 233 235 1870
1910 233 234 1870
1911 233 251 1734
1912 233 245 1734
1913 233 233 0
1914 233 233 1870
1915 233 239 1743
1916 233 245 1743
1917 233 233 1895
1918 233 238 1895
1919 233 234 1813
1920 233 233 1813
1921 233 236 1811
1922 233 233 1811
1923 233 241 1852
1924 233 234 1852
1925 233 233 1852
1926 233 233 1852
1927 233 234 0
1928 234 282 0
1929 234 246 1903
1930 234 234 1903
1931 234 265 0
1932 234 246 1901
1933 234 234 1901
1934 234 234 1903
1935 234 253 1695
1936 234 258 1695
1937 234 235 1888
1938 234 234 1888
1939 234 255 1841
1940 234 236 1841
1941 234 278 1111
1942 234 247 1111
1943 234 238 1111
1944 234 236 1824
1945 234 238 1824
1946 234 234 1705
1947 234 242 1705
1948 234 236 1846
1949 234 236 1846
1950 234 235 1893
1951 234 241 1893
1952 234 235 1893
1953 234 235 1851
1954 234 237 1851
1955 234 237 1917
1956 234 241 1917
1957 234 234 1920
1958 234 234 1920
1959 234 235 1714
1960 234 242 1714
1961 234 234 1898
1962 234 234 1898
1963 234 240 0
1964 234 236 1506
1965 234 240 1506
1966 235 235 1933
1967 235 235 1933
1968 235 237 0
1969 235 235 1934
1970 235 236 1934
1971 235 235 1860
1972 235 239 1860
1973 235 252 1778
1974 235 262 1778
1975 235 236 1781
1976 235 240 1781
1977 235 235 1957
1978 235 246 1957
1979 235 237 1687
1980 235 238 1687
1981 235 235 1962
1982 235 235 1962
1983 235 235 1924
1984 235 235 1924
1985 235 255 1835
1986 235 240 1835
1987 236 238 1969
1988 236 242 1969
1989 236 288 1864
1990 236 237 1864
1991 236 237 1864
1992 236 238 1937
1993 236 237 1937
1994 236 240 1909
1995 236 237 1909
1996 236 239 1703
1997 236 253 1703
1998 236 241 1950
1999 236 240 1950
2000 236 239 1952
2001 236 239 1952
2002 236 240 1977
2003 236 239 1977
2004 236 236 1981
2005 236 237 1981
2006 236 238 1981
2007 236 245 1877
2008 236 236 1877
2009 236 238 1983
2010 236 237 1983
2011 236 236 1884
2012 236 238 1884
2013 237 251 1720
2014 237 265 1720
2015 237 246 1527
2016 237 237 1527
2017 237 255 1759
2018 237 253 1759
2019 237 237 1940
2020 237 237 1940
2021 237 237 1906
2022 237 239 1906
2023 237 240 1863
2024 237 237 1863
2025 237 240 1863
2026 237 238 1708
2027 237 237 1708
2028 237 242 1964
2029 237 237 1964
2030 238 243 1993
2031 238 238 1993
2032 238 239 1990
2033 238 251 1990
2034 238 242 2019
2035 238 238 2019
2036 238 241 1738
2037 238 258 1738
2038 238 238 1995
2039 238 241 1995
2040 238 248 1954
2041 238 254 1954
2042 238 238 1794
2043 238 239 1794
2044 238 240 2010
2045 238 245 2010
2046 239 239 1992
2047 239 245 1992
2048 239 252 1945
2049 239 260 1945
2050 239 253 1844
2051 239 243 1844
2052 239 239 1765
2053 239 240 1765
2054 239 251 2026
2055 239 249 2026
2056 239 242 1918
2057 239 241 1918
2058 239 247 2006
2059 239 239 2006
2060 239 241 2042
2061 239 240 2042
2062 239 245 2009
2063 239 241 2009
2064 239 243 2009
2065 239 239 2012
2066 239 240 2012
2067 240 241 1972
2068 240 240 1972
2069 240 240 2046
2070 240 246 2046
2071 240 241 2032
2072 240 240 2032
2073 240 241 2046
2074 240 248 1996
2075 240 282 1996
2076 240 240 2052
2077 240 241 2052
2078 240 240 0
2079 240 242 2001
2080 240 255 2001
2081 240 241 1682
2082 240 242 1682
2083 240 243 2003
2084 240 249 2003
2085 240 243 1791
2086 240 245 1791
2087 240 258 1635
2088 240 245 1635
2089 240 243 1881
2090 240 267 1881
2091 241 241 1838
2092 241 246 1838
2093 241 245 1724
2094 241 252 1724
2095 241 242 1694
2096 241 241 1694
2097 241 247 2023
2098 241 241 2023
2099 241 241 1994
2100 241 242 1994
2101 241 251 1976
2102 241 242 1976
2103 241 299 643
2104 241 299 643
2105 241 250 1632
2106 241 252 1632
2107 241 245 2002
2108 241 242 2002
2109 241 241 2066
2110 241 242 2066
2111 241 244 2044
2112 241 242 2044
2113 242 252 2067
2114 242 242 2067
2115 242 254 2067
2116 242 242 2071
2117 242 243 2071
2118 242 246 2073
2119 242 242 2073
2120 242 247 2098
2121 242 264 2098
2122 242 242 1998
2123 242 249 1998
2124 242 244 2077
2125 242 246 2077
2126 242 249 1874
2127 242 274 1874
2128 242 252 1956
2129 242 247 1956
2130 242 246 2060
2131 242 243 2060
2132 242 255 0
2133 242 252 0
2134 242 242 0
2135 243 250 1988
2136 243 251 1988
2137 243 249 2114
2138 243 243 2114
2139 243 251 1597
2140 243 243 1597
2141 243 254 2095
2142 243 287 2095
2143 243 264 1725
2144 243 260 1725
2145 243 250 2034
2146 243 259 2034
2147 243 244 2102
2148 243 244 2102
2149 243 243 2034
2150 243 244 2119
2151 243 245 2119
2152 243 258 1652
2153 243 270 1652
2154 243 245 1947
2155 243 243 1947
2156 243 243 2100
2157 243 249 2100
2158 243 243 2079
2159 243 244 2079
2160 243 278 2082
2161 243 299 2082
2162 243 244 2056
2163 243 246 2056
2164 243 245 2028
2165 243 245 2028
2166 243 243 2028
2167 243 243 2110
2168 243 246 2110
2169 243 243 2028
2170 244 244 2138
2171 244 245 2138
2172 244 245 2117
2173 244 247 2117
2174 244 251 2156
2175 244 246 2156
2176 244 252 2051
2177 244 249 2051
2178 244 246 2158
2179 244 244 2158
2180 244 247 2083
2181 244 257 2083
2182 244 246 2131
2183 244 248 2131
2184 244 244 2064
2185 244 245 2064
2186 245 247 1857
2187 245 245 1857
2188 245 245 2147
2189 245 245 2147
2190 245 246 2150
2191 245 251 2150
2192 245 247 2124
2193 245 246 2124
2194 245 249 2162
2195 245 253 2162
2196 245 248 0
2197 245 299 0
2198 246 248 2171
2199 246 247 2171
2200 246 258 2093
2201 246 248 2093
2202 246 247 2189
2203 246 246 2189
2204 246 247 2154
2205 246 246 2154
2206 246 247 2107
2207 246 247 2107
2208 246 248 2107
2209 246 247 2007
2210 246 248 2007
2211 246 253 2086
2212 246 251 2086
2213 246 246 2165
2214 246 246 2165
2215 246 249 2062
2216 246 248 2062
2217 246 249 2185
2218 246 250 2185
2219 246 246 2165
2220 247 251 2015
2221 247 250 2015
2222 247 248 2118
2223 247 247 2118
2224 247 254 1198
2225 247 255 1198
2226 247 247 2070
2227 247 249 2070
2228 247 255 2190
2229 247 250 2190
2230 247 247 2193
2231 247 248 2193
2232 247 247 2178
2233 247 247 2178
2234 247 250 1680
2235 247 255 1680
2236 247 249 2163
2237 247 248 2163
2238 247 248 2213
2239 247 255 2213
2240 247 247 2168
2241 247 248 2168
2242 248 251 2186
2243 248 257 2186
2244 248 252 2223
2245 248 276 2223
2246 248 254 2097
2247 248 256 2097
2248 248 249 2202
2249 248 251 2202
2250 248 249 2120
2251 248 249 2120
2252 248 248 2192
2253 248 250 2192
2254 248 260 2204
2255 248 248 2204
2256 248 248 0
2257 248 253 2129
2258 248 248 2129
2259 248 256 2180
2260 248 252 2180
2261 248 250 2180
2262 248 250 2209
2263 248 248 2209
2264 248 249 2206
2265 248 249 2206
2266 249 251 1550
2267 249 250 1550
2268 249 257 1867
2269 249 249 1867
2270 249 254 2252
2271 249 257 2252
2272 249 249 2231
2273 249 254 2231
2274 249 256 1744
2275 249 252 1744
2276 249 249 1744
2277 249 249 2238
2278 249 252 2238
2279 249 252 2183
2280 249 253 2183
2281 249 250 2238
2282 249 249 2238
2283 249 251 2241
2284 249 249 2241
2285 250 251 2137
2286 250 252 2137
2287 250 262 2227
2288 250 256 2227
2289 250 252 2250
2290 250 250 2250
2291 250 251 2248
2292 250 256 2248
2293 250 250 2250
2294 250 250 2251
2295 250 250 2251
2296 250 250 2272
2297 250 257 2272
2298 250 251 2123
2299 250 252 2123
2300 250 257 2194
2301 250 261 2194
2302 250 252 2264
2303 250 250 2264
2304 250 257 2236
2305 250 250 2236
2306 250 272 2084
2307 250 250 2084
2308 250 253 2265
2309 250 251 2265
2310 250 252 2215
2311 250 252 2215
2312 250 253 2215
2313 250 252 2217
2314 250 254 2217
2315 251 255 2135
2316 251 259 2135
2317 251 253 1579
2318 251 262 1579
2319 251 254 2145
2320 251 251 2145
2321 251 252 2145
2322 251 256 2229
2323 251 251 2229
2324 251 258 827
2325 251 251 827
2326 251 252 1804
2327 251 251 1804
2328 251 299 2145
2329 251 253 0
2330 251 252 2262
2331 251 259 2262
2332 251 258 0
2333 251 252 2281
2334 251 254 2281
2335 251 253 1365
2336 251 251 1365
2337 251 253 2218
2338 251 252 2218
2339 251 257 0
2340 251 252 0
2341 252 252 2266
2342 252 261 2266
2343 252 252 2220
2344 252 299 2220
2345 252 254 2139
2346 252 252 2139
2347 252 256 2033
2348 252 255 2033
2349 252 252 2320
2350 252 253 2320
2351 252 252 2174
2352 252 252 2174
2353 252 254 2174
2354 252 253 2291
2355 252 252 2291
2356 252 252 2174
2357 252 253 2298
2358 252 253 2298
2359 252 256 2054
2360 252 252 2054
2361 252 255 1879
2362 252 253 1879
2363 252 252 2283
2364 252 256 2283
2365 253 254 2341
2366 253 255 2341
2367 253 254 2286
2368 253 253 2286
2369 253 254 2343
2370 253 253 2343
2371 253 255 2343
2372 253 254 2346
2373 253 258 2346
2374 253 254 2244
2375 253 269 2244
2376 253 256 1892
2377 253 254 1892
2378 253 255 2289
2379 253 255 2289
2380 253 259 2176
2381 253 253 2176
2382 253 253 2356
2383 253 257 2356
2384 253 271 2326
2385 253 256 2326
2386 253 257 2299
2387 253 255 2299
2388 253 257 1503
2389 253 268 1503
2390 253 283 2128
2391 253 259 2128
2392 253 253 2106
2393 253 258 2106
2394 253 254 2275
2395 253 268 2275
2396 253 261 2302
2397 253 259 2302
2398 253 259 2330
2399 253 253 2330
2400 253 255 2278
2401 253 254 2278
2402 253 253 2310
2403 253 255 2310
2404 253 253 1899
2405 253 256 1899
2406 253 253 2333
2407 253 255 2333
2408 253 267 0
2409 254 299 0
2410 254 258 1331
2411 254 259 1331
2412 254 254 2350
2413 254 255 2350
2414 254 255 2354
2415 254 254 2354
2416 254 256 2050
2417 254 255 2050
2418 254 265 2357
2419 254 263 2357
2420 254 255 2357
2421 254 255 2382
2422 254 255 2382
2423 254 256 2357
2424 254 255 2308
2425 254 258 2308
2426 254 259 2399
2427 254 259 2399
2428 254 258 2211
2429 254 261 2211
2430 254 254 2337
2431 254 254 2337
2432 254 255 2335
2433 254 254 2335
2434 254 262 2280
2435 254 256 2280
2436 255 255 2367
2437 255 255 2367
2438 255 256 2115
2439 255 256 2115
2440 255 256 2369
2441 255 259 2369
2442 255 267 2115
2443 255 282 2246
2444 255 299 2246
2445 255 266 2141
2446 255 260 2141
2447 255 285 2374
2448 255 283 2374
2449 255 255 0
2450 255 258 2041
2451 255 259 2041
2452 255 272 2394
2453 255 255 2394
2454 256 262 2366
2455 256 261 2366
2456 256 257 0
2457 256 259 2017
2458 256 258 2017
2459 256 262 2371
2460 256 299 2371
2461 256 262 2225
2462 256 289 2225
2463 256 258 2414
2464 256 256 2414
2465 256 257 2413
2466 256 256 2413
2467 256 257 2421
2468 256 256 2421
2469 256 259 2420
2470 256 257 2420
2471 256 258 2420
2472 256 256 2387
2473 256 256 2387
2474 256 256 2235
2475 256 266 2235
2476 256 258 2424
2477 256 256 2424
2478 256 257 2400
2479 256 258 2400
2480 256 261 2400
2481 256 274 0
2482 256 257 2361
2483 256 261 2361
2484 256 257 2400
2485 256 256 2403
2486 256 256 2403
2487 256 259 2407
2488 256 257 2407
2489 256 256 2400
2490 256 261 2432
2491 256 259 2432
2492 256 257 2403
2493 257 259 2438
2494 257 257 2438
2495 257 259 2288
2496 257 259 2288
2497 257 283 2347
2498 257 257 2347
2499 257 263 2376
2500 257 270 2376
2501 257 275 2322
2502 257 264 2322
2503 257 265 2292
2504 257 258 2292
2505 257 258 2292
2506 257 257 2466
2507 257 259 2466
2508 257 257 2292
2509 257 259 2468
2510 257 261 2468
2511 257 257 2359
2512 257 258 2359
2513 257 257 2423
2514 257 257 2423
2515 257 278 2473
2516 257 299 2473
2517 257 266 2474
2518 257 269 2474
2519 257 262 2485
2520 257 257 2485
2521 257 290 2405
2522 257 262 2405
2523 257 260 2486
2524 257 260 2486
2525 257 259 2364
2526 257 260 2364
2527 258 258 2494
2528 258 258 2494
2529 258 258 2494
2530 258 258 2494
2531 258 261 2494
2532 258 259 2465
2533 258 258 2465
2534 258 267 2506
2535 258 260 2506
2536 258 258 2508
2537 258 261 2508
2538 258 262 2465
2539 258 267 2297
2540 258 260 2297
2541 258 271 2388
2542 258 266 2388
2543 258 259 2513
2544 258 258 2513
2545 258 268 2386
2546 258 261 2386
2547 258 262 2304
2548 258 265 2304
2549 258 277 2181
2550 258 263 2181
2551 258 260 2304
2552 258 262 2478
2553 258 258 2478
2554 258 262 2488
2555 258 258 2488
2556 259 299 2529
2557 259 262 2529
2558 259 262 2200
2559 259 269 2200
2560 259 260 2528
2561 259 259 2528
2562 259 261 2530
2563 259 259 2530
2564 259 259 2373
2565 259 259 2373
2566 259 263 1936
2567 259 264 1936
2568 259 299 299
2569 259 299 299
2570 259 267 2463
2571 259 282 2463
2572 259 260 2504
2573 259 259 2504
2574 259 299 2324
2575 259 299 2324
2576 259 261 2536
2577 259 259 2536
2578 259 262 2471
2579 259 262 2471
2580 259 264 2152
2581 259 265 2152
2582 259 261 2512
2583 259 272 2512
2584 259 268 2393
2585 259 259 2393
2586 259 262 2476
2587 259 261 2476
2588 259 292 2332
2589 259 273 2332
2590 259 261 2479
2591 259 262 2479
2592 259 299 0
2593 259 259 0
2594 260 282 2316
2595 260 280 2316
2596 260 260 2441
2597 260 262 2441
2598 260 260 2411
2599 260 263 2411
2600 260 261 2532
2601 260 262 2532
2602 260 260 2496
2603 260 276 2496
2604 260 265 2495
2605 260 266 2495
2606 260 263 2509
2607 260 260 2509
2608 260 279 2507
2609 260 261 2507
2610 260 263 2469
2611 260 263 2469
2612 260 267 0
2613 260 261 2543
2614 260 260 2543
2615 260 262 2451
2616 260 263 2451
2617 260 274 2391
2618 260 281 2391
2619 260 260 2398
2620 260 260 2398
2621 260 260 2426
2622 260 285 2426
2623 260 267 2525
2624 260 262 2525
2625 261 261 2560
2626 261 263 2560
2627 261 264 2598
2628 261 266 2598
2629 261 273 2598
2630 261 290 2446
2631 261 261 2446
2632 261 264 2572
2633 261 263 2572
2634 261 266 2535
2635 261 264 2535
2636 261 267 2607
2637 261 266 2607
2638 261 262 2540
2639 261 263 2540
2640 261 262 2254
2641 261 261 2254
2642 261 299 644
2643 261 299 644
2644 261 299 1250
2645 261 299 1250
2646 261 265 2551
2647 261 264 2551
2648 261 262 2621
2649 261 284 2621
2650 261 261 2526
2651 261 261 2526
2652 261 261 2523
2653 261 268 2523
2654 262 262 2455
2655 262 262 2455
2656 262 266 2625
2657 262 262 2625
2658 262 263 2562
2659 262 263 2562
2660 262 264 2531
2661 262 262 2531
2662 262 263 2600
2663 262 262 2600
2664 262 264 2576
2665 262 285 2576
2666 262 263 2613
2667 262 262 2613
2668 262 263 2613
2669 262 269 2396
2670 262 263 2396
2671 262 296 2587
2672 262 262 2587
2673 262 262 2429
2674 262 265 2429
2675 262 266 2590
2676 262 262 2590
2677 262 262 2483
2678 262 287 2483
2679 262 262 2590
2680 262 263 2652
2681 262 262 2652
2682 262 272 2652
2683 262 266 2490
2684 262 262 2490
2685 262 276 0
2686 262 262 0
2687 262 262 0
2688 263 266 2558
2689 263 264 2558
2690 263 271 2597
2691 263 265 2597
2692 263 266 2318
2693 263 299 2318
2694 263 265 2663
2695 263 268 2663
2696 263 266 2601
2697 263 268 2601
2698 263 264 2638
2699 263 265 2638
2700 263 264 2640
2701 263 263 2640
2702 263 267 2640
2703 263 264 2673
2704 263 264 2673
2705 263 266 2552
2706 263 265 2552
2707 263 299 2676
2708 263 265 2676
2709 263 264 2677
2710 263 279 2677
2711 263 264 2552
2712 263 279 2522
2713 263 269 2522
2714 263 263 2591
2715 263 263 2591
2716 263 272 2434
2717 263 263 2434
2718 263 265 2681
2719 263 266 2681
2720 263 263 2624
2721 263 264 2624
2722 264 269 0
2723 264 269 2662
2724 264 267 2662
2725 264 264 2662
2726 264 265 2662
2727 264 272 2610
2728 264 265 2610
2729 264 268 2606
2730 264 266 2606
2731 264 264 2499
2732 264 264 2499
2733 264 264 2666
2734 264 266 2666
2735 264 270 2610
2736 264 266 2639
2737 264 264 2639
2738 264 264 2668
2739 264 265 2668
2740 264 290 2616
2741 264 274 2616
2742 264 266 2550
2743 264 269 2550
2744 264 285 2550
2745 264 268 2680
2746 264 266 2680
2747 264 269 2715
2748 264 275 2715
2749 264 264 2714
2750 264 265 2714
2751 264 279 2717
2752 264 267 2717
2753 265 267 2725
2754 265 266 2725
2755 265 265 2567
2756 265 266 2567
2757 265 265 2143
2758 265 278 2143
2759 265 265 2664
2760 265 269 2664
2761 265 265 2733
2762 265 266 2733
2763 265 273 2635
2764 265 281 2635
2765 265 265 2733
2766 265 267 2664
2767 265 265 2737
2768 265 270 2737
2769 265 273 2700
2770 265 265 2700
2771 265 295 2704
2772 265 299 2704
2773 265 266 2749
2774 265 272 2749
2775 266 267 2757
2776 266 274 2757
2777 266 268 2691
2778 266 267 2691
2779 266 299 2014
2780 266 289 2014
2781 266 298 2604
2782 266 285 2604
2783 266 266 2728
2784 266 274 2728
2785 266 266 2418
2786 266 267 2418
2787 266 266 2759
2788 266 267 2759
2789 266 267 2728
2790 266 271 2699
2791 266 276 2699
2792 266 266 2581
2793 266 267 2581
2794 266 268 2767
2795 266 268 2767
2796 266 287 2767
2797 266 268 2646
2798 266 268 2646
2799 266 266 2674
2800 266 266 2674
2801 266 273 1660
2802 266 266 1660
2803 267 268 2656
2804 267 276 2656
2805 267 279 0
2806 267 268 2656
2807 267 280 2692
2808 267 269 2692
2809 267 269 2628
2810 267 269 2628
2811 267 271 2756
2812 267 270 2756
2813 267 271 2696
2814 267 268 2696
2815 267 274 2783
2816 267 267 2783
2817 267 267 2756
2818 267 267 2696
2819 267 276 2762
2820 267 269 2762
2821 267 268 2734
2822 267 268 2734
2823 267 267 2705
2824 267 270 2705
2825 267 268 2800
2826 267 274 2800
2827 267 268 2773
2828 267 274 2773
2829 267 267 2746
2830 267 268 2746
2831 267 268 2683
2832 267 267 2683
2833 267 267 2719
2834 267 271 2719
2835 267 269 2719
2836 268 285 2753
2837 268 287 2753
2838 268 269 2775
2839 268 268 2775
2840 268 272 2442
2841 268 270 2442
2842 268 269 2570
2843 268 268 2570
2844 268 273 2786
2845 268 272 2786
2846 268 289 2816
2847 268 271 2816
2848 268 269 2534
2849 268 269 2534
2850 268 268 2788
2851 268 268 2788
2852 268 268 2636
2853 268 271 2636
2854 268 270 2823
2855 268 271 2823
2856 268 270 2829
2857 268 270 2829
2858 268 299 2090
2859 268 295 2090
2860 268 298 2090
2861 268 271 2829
2862 269 270 2806
2863 269 299 2806
2864 269 272 2777
2865 269 271 2777
2866 269 269 2697
2867 269 270 2697
2868 269 270 2850
2869 269 273 2850
2870 269 269 2697
2871 269 271 2852
2872 269 269 2852
2873 269 269 2821
2874 269 269 2821
2875 269 269 2794
2876 269 270 2794
2877 269 299 0
2878 269 273 2795
2879 269 282 2795
2880 269 271 2389
2881 269 272 2389
2882 269 273 2584
2883 269 269 2584
2884 269 290 2797
2885 269 273 2797
2886 269 283 2798
2887 269 282 2798
2888 269 270 2825
2889 269 270 2825
2890 269 282 2825
2891 269 270 2830
2892 269 270 2830
2893 269 299 2831
2894 269 273 2831
2895 269 270 2831
2896 269 271 2653
2897 269 269 2653
2898 270 273 2722
2899 270 272 2722
2900 270 273 2723
2901 270 270 2723
2902 270 272 2810
2903 270 271 2810
2904 270 272 2838
2905 270 272 2838
2906 270 270 2848
2907 270 273 2848
2908 270 279 2760
2909 270 284 2760
2910 270 270 2874
2911 270 274 2874
2912 270 276 2874
2913 270 272 2874
2914 270 271 509
2915 270 296 509
2916 270 273 2518
2917 270 270 2518
2918 270 272 2743
2919 270 275 2743
2920 271 271 0
2921 271 272 2862
2922 271 271 2862
2923 271 271 2862
2924 271 286 2500
2925 271 271 2500
2926 271 273 2906
2927 271 281 2906
2928 271 271 2867
2929 271 276 2867
2930 271 273 2867
2931 271 272 2867
2932 271 271 2910
2933 271 290 2910
2934 271 272 2735
2935 271 278 2735
2936 271 273 2153
2937 271 272 2153
2938 271 294 2768
2939 271 299 2768
2940 271 272 2910
2941 271 272 797
2942 271 271 797
2943 271 273 2888
2944 271 277 2888
2945 271 275 2854
2946 271 276 2854
2947 271 271 2856
2948 271 271 2856
2949 271 271 2892
2950 271 272 2892
2951 272 272 2903
2952 272 272 2903
2953 272 276 2923
2954 272 286 2923
2955 272 272 2865
2956 272 274 2865
2957 272 273 2922
2958 272 273 2922
2959 272 274 2790
2960 272 274 2790
2961 272 287 2925
2962 272 278 2925
2963 272 273 2790
2964 272 278 2847
2965 272 276 2847
2966 272 273 2871
2967 272 273 2871
2968 272 275 2932
2969 272 273 2932
2970 272 287 0
2971 272 279 0
2972 272 288 2947
2973 272 294 2947
2974 272 273 2948
2975 272 272 2948
2976 272 278 2949
2977 272 274 2949
2978 272 272 2948
2979 272 272 2948
2980 272 274 0
2981 272 273 2896
2982 272 272 2896
2983 273 276 2921
2984 273 284 2921
2985 273 299 2864
2986 273 278 2864
2987 273 274 2951
2988 273 274 2951
2989 273 274 2952
2990 273 273 2952
2991 273 274 2904
2992 273 276 2904
2993 273 273 2951
2994 273 274 2952
2995 273 273 2840
2996 273 275 2840
2997 273 274 2951
2998 273 274 2840
2999 273 273 2845
3000 273 274 2845
3001 273 273 2934
3002 273 274 2934
3003 273 275 1805
3004 273 280 1805
3005 273 273 2583
3006 273 275 2583
3007 273 275 2913
3008 273 274 2913
3009 273 274 2583
3010 273 284 2941
3011 273 282 2941
3012 273 274 2452
3013 273 278 2452
3014 273 277 2716
3015 273 278 2716
3016 273 274 2774
3017 273 273 2774
3018 273 275 2982
3019 273 273 2982
3020 274 280 2898
3021 274 275 2898
3022 274 284 2900
3023 274 276 2900
3024 274 274 2957
3025 274 277 2957
3026 274 277 2957
3027 274 276 2995
3028 274 276 2995
3029 274 275 2629
3030 274 281 2629
3031 274 280 2966
3032 274 275 2966
3033 274 274 2930
3034 274 275 2930
3035 274 274 2763
3036 274 274 2763
3037 274 275 2963
3038 274 276 2963
3039 274 274 2869
3040 274 278 2869
3041 274 274 2763
3042 274 278 2936
3043 274 275 2936
3044 274 274 2966
3045 274 275 2878
3046 274 274 2878
3047 274 274 0
3048 274 276 2769
3049 274 275 2769
3050 274 274 3005
3051 274 275 3005
3052 274 299 2916
3053 274 276 2916
3054 274 274 2882
3055 274 275 2882
3056 274 278 2943
3057 274 278 2943
3058 274 274 2801
3059 274 299 2801
3060 274 283 2974
3061 274 276 2974
3062 274 283 2894
3063 274 291 2894
3064 275 284 2989
3065 275 279 2989
3066 275 275 3024
3067 275 281 3024
3068 275 275 2988
3069 275 277 2988
3070 275 275 2987
3071 275 275 2987
3072 275 276 2997
3073 275 278 2997
3074 275 299 2815
3075 275 290 2815
3076 275 278 2987
3077 275 276 2960
3078 275 276 2960
3079 275 278 2998
3080 275 275 2998
3081 275 279 3000
3082 275 299 3000
3083 275 277 2959
3084 275 299 2959
3085 275 275 2784
3086 275 280 2784
3087 275 275 3035
3088 275 276 3035
3089 275 275 3000
3090 275 279 2127
3091 275 275 2127
3092 275 286 2127
3093 275 285 2741
3094 275 275 2741
3095 275 286 2741
3096 275 283 3012
3097 275 275 3012
3098 275 275 2481
3099 275 277 2481
3100 275 282 3016
3101 275 278 3016
3102 275 275 2977
3103 275 275 2977
3104 275 299 0
3105 276 279 3066
3106 276 282 3066
3107 276 278 3070
3108 276 277 3070
3109 276 276 3071
3110 276 277 3071
3111 276 277 3071
3112 276 276 3003
3113 276 280 3003
3114 276 277 3034
3115 276 276 3034
3116 276 276 3034
3117 276 278 3034
3118 276 296 3003
3119 276 278 3003
3120 276 281 3043
3121 276 278 3043
3122 276 286 3045
3123 276 280 3045
3124 276 276 0
3125 276 282 3091
3126 276 281 3091
3127 276 283 3007
3128 276 276 3007
3129 276 277 3006
3130 276 280 3006
3131 276 278 3055
3132 276 279 3055
3133 276 277 2919
3134 276 276 2919
3135 276 278 2945
3136 276 284 2945
3137 276 276 3102
3138 276 277 3102
3139 276 281 3102
3140 277 280 2992
3141 277 279 2992
3142 277 278 2992
3143 277 278 3072
3144 277 284 3072
3145 277 277 3109
3146 277 277 3109
3147 277 280 3027
3148 277 283 3027
3149 277 284 2603
3150 277 277 2603
3151 277 299 3088
3152 277 278 3088
3153 277 280 3077
3154 277 281 3077
3155 277 279 3077
3156 277 279 2912
3157 277 277 2912
3158 277 278 2912
3159 277 287 3038
3160 277 282 3038
3161 277 277 3088
3162 277 279 2965
3163 277 281 2965
3164 277 277 2791
3165 277 285 2791
3166 277 282 3048
3167 277 299 3048
3168 277 277 2912
3169 277 277 2912
3170 277 285 1657
3171 277 286 1657
3172 277 277 3053
3173 277 280 3053
3174 277 277 3134
3175 277 299 3134
3176 277 279 3137
3177 277 279 3137
3178 277 280 3061
3179 277 278 3061
3180 277 285 3061
3181 277 288 3137
3182 278 278 3025
3183 278 282 3025
3184 278 278 3025
3185 278 278 3157
3186 278 280 3157
3187 278 287 3129
3188 278 281 3129
3189 278 280 3129
3190 278 278 3169
3191 278 280 3169
3192 278 280 3172
3193 278 278 3172
3194 278 299 3133
3195 278 289 3133
3196 278 287 3099
3197 278 294 3099
3198 278 278 0
3199 279 283 3182
3200 279 281 3182
3201 279 282 2986
3202 279 280 2986
3203 279 279 3182
3204 279 280 3107
3205 279 280 3107
3206 279 279 3076
3207 279 298 3076
3208 279 282 3142
3209 279 279 3142
3210 279 285 2758
3211 279 299 2758
3212 279 283 3117
3213 279 282 3117
3214 279 286 3117
3215 279 279 3158
3216 279 280 3158
3217 279 279 3152
3218 279 279 3152
3219 279 285 3040
3220 279 284 3040
3221 279 280 3185
3222 279 279 3185
3223 279 280 3042
3224 279 279 3042
3225 279 280 3121
3226 279 292 3121
3227 279 283 2515
3228 279 282 2515
3229 279 298 2160
3230 279 296 2160
3231 279 279 3013
3232 279 280 3013
3233 279 280 3057
3234 279 279 3057
3235 279 280 3135
3236 279 290 3135
3237 279 288 3101
3238 279 280 3101
3239 280 280 3206
3240 280 282 3206
3241 280 299 3206
3242 280 283 0
3243 280 280 3217
3244 280 282 3217
3245 280 285 3155
3246 280 286 3155
3247 280 282 3217
3248 280 284 3090
3249 280 284 3090
3250 280 280 3132
3251 280 281 3132
3252 280 282 3231
3253 280 294 3231
3254 280 292 2710
3255 280 299 2710
3256 280 292 2751
3257 280 282 2751
3258 280 290 2712
3259 280 285 2712
3260 281 289 3204
3261 281 286 3204
3262 281 283 2807
3263 281 292 2807
3264 281 286 3202
3265 281 282 3202
3266 281 281 3205
3267 281 281 3205
3268 281 282 3147
3269 281 281 3147
3270 281 281 3239
3271 281 281 3239
3272 281 281 3153
3273 281 291 3153
3274 281 299 3147
3275 281 281 3113
3276 281 288 3113
3277 281 286 3031
3278 281 281 3031
3279 281 282 3221
3280 281 289 3221
3281 281 282 3223
3282 281 290 3223
3283 281 285 3123
3284 281 284 3123
3285 281 281 3186
3286 281 283 3186
3287 281 288 3233
3288 281 284 3233
3289 281 281 3235
3290 281 288 3235
3291 281 282 3235
3292 281 282 3178
3293 281 281 3178
3294 282 284 3200
3295 282 283 3200
3296 282 284 3270
3297 282 285 3270
3298 282 299 3030
3299 282 299 3030
3300 282 282 3269
3301 282 288 3269
3302 282 283 3271
3303 282 299 3271
3304 282 283 3272
3305 282 282 3272
3306 282 284 3278
3307 282 289 3278
3308 282 282 3285
3309 282 282 3285
3310 282 285 2927
3311 282 284 2927
3312 282 299 3285
3313 282 282 3120
3314 282 283 3120
3315 282 284 3285
3316 282 284 3188
3317 282 283 3188
3318 282 288 3289
3319 282 284 3289
3320 282 282 3289
3321 282 288 2618
3322 282 284 2618
3323 282 283 3289
3324 282 282 3251
3325 282 285 3251
3326 282 282 3139
3327 282 287 3139
3328 282 284 3139
3329 283 284 2594
3330 283 283 2594
3331 283 284 3208
3332 283 285 3208
3333 283 287 1928
3334 283 286 1928
3335 283 290 3201
3336 283 299 3201
3337 283 284 3106
3338 283 288 3106
3339 283 286 3240
3340 283 283 3240
3341 283 299 2443
3342 283 284 2443
3343 283 299 2571
3344 283 285 2571
3345 283 286 3308
3346 283 283 3308
3347 283 294 3244
3348 283 283 3244
3349 283 285 3213
3350 283 286 3213
3351 283 284 3160
3352 283 283 3160
3353 283 283 3279
3354 283 288 3279
3355 283 285 3166
3356 283 283 3166
3357 283 284 3324
3358 283 283 3324
3359 283 285 3011
3360 283 285 3011
3361 283 290 2890
3362 283 292 2890
3363 283 286 3326
3364 283 283 3326
3365 283 283 1232
3366 283 286 1232
3367 283 288 3100
3368 283 287 3100
3369 283 283 3326
3370 283 299 0
3371 283 283 3326
3372 284 299 0
3373 284 284 3340
3374 284 284 3340
3375 284 286 3148
3376 284 289 3148
3377 284 287 3340
3378 284 284 3302
3379 284 288 3302
3380 284 290 2497
3381 284 290 2497
3382 284 299 2448
3383 284 288 2448
3384 284 285 3212
3385 284 299 3212
3386 284 285 3304
3387 284 284 3304
3388 284 284 3346
3389 284 284 3346
3390 284 285 3353
3391 284 287 3353
3392 284 284 3348
3393 284 288 3348
3394 284 285 3314
3395 284 289 3314
3396 284 284 3127
3397 284 299 3127
3398 284 286 2390
3399 284 284 2390
3400 284 285 3096
3401 284 299 3096
3402 284 296 2886
3403 284 295 2886
3404 284 285 3323
3405 284 284 3323
3406 284 288 3062
3407 284 285 3062
3408 285 285 2984
3409 285 299 2984
3410 285 299 3329
3411 285 299 3329
3412 285 294 3337
3413 285 295 3337
3414 285 285 3294
3415 285 286 3294
3416 285 286 3331
3417 285 285 3331
3418 285 289 3374
3419 285 285 3374
3420 285 285 0
3421 285 299 3374
3422 285 285 3149
3423 285 288 3149
3424 285 292 3392
3425 285 295 3392
3426 285 285 2909
3427 285 291 2909
3428 285 285 3306
3429 285 299 3306
3430 285 285 3388
3431 285 285 3388
3432 285 286 3316
3433 285 285 3316
3434 285 287 3396
3435 285 287 3396
3436 285 285 3315
3437 285 286 3315
3438 285 296 3010
3439 285 290 3010
3440 285 289 3357
3441 285 285 3357
3442 285 290 2649
3443 285 287 2649
3444 285 299 3288
3445 285 299 3288
3446 285 287 2649
3447 285 286 3328
3448 285 289 3328
3449 286 289 3408
3450 286 287 3408
3451 286 298 3408
3452 286 299 2836
3453 286 293 2836
3454 286 286 3297
3455 286 286 3297
3456 286 298 3419
3457 286 299 3419
3458 286 287 3386
3459 286 291 3386
3460 286 288 2447
3461 286 286 2447
3462 286 288 3386
3463 286 293 3344
3464 286 299 3344
3465 286 286 3428
3466 286 287 3428
3467 286 289 3390
3468 286 286 3390
3469 286 287 3219
3470 286 299 3219
3471 286 286 3430
3472 286 288 3430
3473 286 295 3219
3474 286 299 3310
3475 286 299 3310
3476 286 291 3165
3477 286 286 3165
3478 286 299 2665
3479 286 295 2665
3480 286 286 3355
3481 286 286 3355
3482 286 294 3283
3483 286 289 3283
3484 286 286 3436
3485 286 287 3436
3486 286 299 3400
3487 286 287 3400
3488 286 288 3359
3489 286 289 3359
3490 286 290 3325
3491 286 287 3325
3492 286 291 3404
3493 286 289 3404
3494 286 297 3180
3495 286 287 3180
3496 287 287 3261
3497 287 290 3261
3498 287 299 3334
3499 287 287 3334
3500 287 299 3454
3501 287 287 3454
3502 287 296 3264
3503 287 290 3264
3504 287 289 3454
3505 287 290 3339
3506 287 299 3339
3507 287 296 3339
3508 287 288 3454
3509 287 289 3375
3510 287 299 3375
3511 287 287 3416
3512 287 287 3416
3513 287 290 3416
3514 287 291 3416
3515 287 287 3471
3516 287 292 3471
3517 287 288 3471
3518 287 290 3465
3519 287 292 3465
3520 287 298 3246
3521 287 296 3246
3522 287 291 3350
3523 287 287 3350
3524 287 288 3480
3525 287 289 3480
3526 287 287 3481
3527 287 288 3481
3528 287 287 3480
3529 287 290 3432
3530 287 299 3432
3531 287 288 3484
3532 287 287 3484
3533 287 293 3398
3534 287 287 3398
3535 287 290 3171
3536 287 289 3171
3537 287 287 3095
3538 287 293 3095
3539 287 289 3363
3540 287 291 3363
3541 287 287 3363
3542 287 287 3363
3543 288 288 3450
3544 288 288 3450
3545 288 288 3511
3546 288 292 3511
3547 288 299 3499
3548 288 292 3499
3549 288 288 3501
3550 288 291 3501
3551 288 289 2142
3552 288 289 2142
3553 288 299 3458
3554 288 288 3458
3555 288 294 2961
3556 288 289 2961
3557 288 290 3523
3558 288 289 3523
3559 288 289 3466
3560 288 288 3466
3561 288 299 3187
3562 288 299 3187
3563 288 289 3434
3564 288 295 3434
3565 288 289 3485
3566 288 291 3485
3567 288 291 3443
3568 288 288 3443
3569 288 289 2678
3570 288 291 2678
3571 288 288 3446
3572 288 299 3446
3573 288 296 3196
3574 288 288 3196
3575 288 298 3495
3576 288 288 3495
3577 288 292 3495
3578 289 291 0
3579 289 290 3379
3580 289 299 3379
3581 289 291 3379
3582 289 289 3301
3583 289 294 3301
3584 289 290 3460
3585 289 289 3460
3586 289 290 3460
3587 289 299 3462
3588 289 291 3462
3589 289 298 3276
3590 289 297 3276
3591 289 289 3472
3592 289 293 3472
3593 289 290 3527
3594 289 292 3527
3595 289 291 3517
3596 289 292 3517
3597 289 299 1786
3598 289 299 1786
3599 289 293 3318
3600 289 294 3318
3601 289 291 3321
3602 289 294 3321
3603 289 293 3571
3604 289 297 3571
3605 289 299 3290
3606 289 299 3290
3607 289 291 3237
3608 289 291 3237
3609 289 289 3181
3610 289 296 3181
3611 290 293 0
3612 290 292 3449
3613 290 292 3449
3614 290 294 3504
3615 290 292 3504
3616 290 291 3260
3617 290 290 3260
3618 290 297 3418
3619 290 298 3418
3620 290 299 2462
3621 290 298 2462
3622 290 296 2846
3623 290 290 2846
3624 290 294 3467
3625 290 291 3467
3626 290 294 3559
3627 290 290 3559
3628 290 290 3525
3629 290 290 3525
3630 290 299 3483
3631 290 290 3483
3632 290 294 3563
3633 290 296 3563
3634 290 290 3563
3635 290 299 3195
3636 290 295 3195
3637 290 290 3539
3638 290 290 3539
3639 290 291 3609
3640 290 297 3609
3641 290 299 0
3642 291 299 3497
3643 291 299 3497
3644 291 291 3579
3645 291 292 3579
3646 291 299 2630
3647 291 293 2630
3648 291 299 3075
3649 291 299 3075
3650 291 291 3579
3651 291 291 2630
3652 291 293 2630
3653 291 297 3584
3654 291 291 3584
3655 291 291 3628
3656 291 294 3628
3657 291 299 2933
3658 291 292 2933
3659 291 294 3282
3660 291 293 3282
3661 291 292 3282
3662 291 293 3628
3663 291 297 3593
3664 291 294 3593
3665 291 297 3631
3666 291 298 3631
3667 291 292 3529
3668 291 291 3529
3669 291 299 3535
3670 291 293 3535
3671 291 299 3439
3672 291 299 3439
3673 291 291 3490
3674 291 292 3490
3675 291 293 2884
3676 291 297 2884
3677 291 299 2521
3678 291 299 2521
3679 291 296 3258
3680 291 299 3258
3681 291 292 3637
3682 291 299 3637
3683 291 291 0
3684 292 292 3616
3685 292 297 3616
3686 292 293 3514
3687 292 292 3514
3688 292 299 3650
3689 292 293 3650
3690 292 293 3459
3691 292 299 3459
3692 292 294 3459
3693 292 292 3650
3694 292 296 3654
3695 292 293 3654
3696 292 292 3595
3697 292 292 3595
3698 292 292 3625
3699 292 299 3625
3700 292 294 3522
3701 292 299 3522
3702 292 293 3522
3703 292 293 3427
3704 292 294 3427
3705 292 292 3476
3706 292 293 3476
3707 292 292 3476
3708 292 292 3655
3709 292 292 3655
3710 292 295 3601
3711 292 292 3601
3712 292 299 3673
3713 292 294 3673
3714 292 294 3567
3715 292 295 3567
3716 292 292 3567
3717 292 299 3570
3718 292 294 3570
3719 292 292 3607
3720 292 295 3607
3721 292 299 3639
3722 292 292 3639
3723 292 294 3063
3724 292 299 3063
3725 292 296 0
3726 293 297 3612
3727 293 294 3612
3728 293 299 3684
3729 293 296 3684
3730 293 298 3546
3731 293 297 3546
3732 293 293 3645
3733 293 294 3645
3734 293 299 3615
3735 293 298 3615
3736 293 294 3615
3737 293 295 3645
3738 293 298 3615
3739 293 293 3263
3740 293 297 3263
3741 293 293 3519
3742 293 294 3519
3743 293 299 28
3744 293 299 28
3745 293 294 3667
3746 293 294 3667
3747 293 294 3697
3748 293 294 3697
3749 293 299 3667
3750 293 296 3362
3751 293 293 3362
3752 293 296 2588
3753 293 299 2588
3754 293 299 3577
3755 293 293 3577
3756 293 293 3719
3757 293 294 3719
3758 294 296 3611
3759 294 294 3611
3760 294 296 3453
3761 294 294 3453
3762 294 299 3686
3763 294 299 3686
3764 294 294 3652
3765 294 295 3652
3766 294 294 3739
3767 294 295 3739
3768 294 299 3652
3769 294 296 3695
3770 294 294 3695
3771 294 294 3741
3772 294 295 3741
3773 294 297 3703
3774 294 296 3703
3775 294 297 3706
3776 294 294 3706
3777 294 294 3662
3778 294 295 3662
3779 294 299 3660
3780 294 296 3660
3781 294 296 3662
3782 294 295 3662
3783 294 299 3662
3784 294 299 3533
3785 294 299 3533
3786 294 299 3538
3787 294 299 3538
3788 294 297 3670
3789 294 296 3670
3790 294 294 3756
3791 294 294 3756
3792 294 294 3755
3793 294 296 3755
3794 294 294 3755
3795 295 295 3727
3796 295 297 3727
3797 295 296 3614
3798 295 299 3614
3799 295 295 3766
3800 295 296 3766
3801 295 298 3736
3802 295 295 3736
3803 295 296 3764
3804 295 299 3764
3805 295 297 3583
3806 295 298 3583
3807 295 297 3624
3808 295 295 3624
3809 295 299 3555
3810 295 295 3555
3811 295 299 3555
3812 295 299 3692
3813 295 296 3692
3814 295 299 3700
3815 295 298 3700
3816 295 296 3747
3817 295 299 3747
3818 295 295 3347
3819 295 299 3347
3820 295 297 3777
3821 295 299 3777
3822 295 297 3482
3823 295 298 3482
3824 295 295 3747
3825 295 299 3632
3826 295 298 3632
3827 295 295 3745
3828 295 299 3745
3829 295 295 3632
3830 295 299 3600
3831 295 296 3600
3832 295 298 3713
3833 295 295 3713
3834 295 297 3253
3835 295 299 3253
3836 295 299 3718
3837 295 295 3718
3838 295 296 2973
3839 295 299 2973
3840 295 295 3790
3841 295 297 3790
3842 295 295 3791
3843 295 296 3791
3844 295 295 3792
3845 295 299 3792
3846 295 299 3723
3847 295 295 3723
3848 296 296 3795
3849 296 296 3795
3850 296 297 3413
3851 296 299 3413
3852 296 296 3802
3853 296 296 3802
3854 296 296 3737
3855 296 296 3737
3856 296 299 3808
3857 296 298 3808
3858 296 299 3808
3859 296 296 3818
3860 296 298 3818
3861 296 296 3818
3862 296 296 3772
3863 296 296 3772
3864 296 299 3827
3865 296 299 3827
3866 296 297 3782
3867 296 297 3782
3868 296 298 3564
3869 296 299 3564
3870 296 299 3829
3871 296 299 3829
3872 296 299 3829
3873 296 298 3710
3874 296 299 3710
3875 296 296 3833
3876 296 297 3833
3877 296 296 3715
3878 296 299 3715
3879 296 296 3840
3880 296 299 3840
3881 296 296 3844
3882 296 298 3844
3883 296 299 2859
3884 296 299 2859
3885 296 296 3840
3886 297 298 3758
3887 297 297 3758
3888 297 299 3760
3889 297 299 3760
3890 297 299 3502
3891 297 299 3502
3892 297 299 3800
3893 297 298 3800
3894 297 299 3797
3895 297 298 3797
3896 297 297 3854
3897 297 299 3854
3898 297 299 3803
3899 297 299 3803
3900 297 299 3622
3901 297 297 3622
3902 297 297 3694
3903 297 297 3694
3904 297 299 3862
3905 297 297 3862
3906 297 299 3769
3907 297 299 3769
3908 297 299 3862
3909 297 299 3859
3910 297 299 3859
3911 297 298 3816
3912 297 297 3816
3913 297 299 3780
3914 297 299 3780
3915 297 299 3118
3916 297 298 3118
3917 297 298 3781
3918 297 297 3781
3919 297 299 3438
3920 297 299 3438
3921 297 297 3877
3922 297 299 3877
3923 297 299 2671
3924 297 299 2671
3925 297 298 3402
3926 297 299 3402
3927 297 298 3750
3928 297 299 3750
3929 297 299 3573
3930 297 299 3573
3931 297 297 3879
3932 297 298 3879
3933 297 299 3879
3934 297 299 3679
3935 297 299 3679
3936 297 297 3843
3937 297 298 3843
3938 297 299 3881
3939 297 297 3881
3940 298 299 3796
3941 298 299 3796
3942 298 299 3726
3943 298 299 3726
3944 298 299 3731
3945 298 298 3731
3946 298 298 3685
3947 298 299 3685
3948 298 299 3653
3949 298 298 3653
3950 298 299 3896
3951 298 299 3896
3952 298 298 3905
3953 298 299 3905
3954 298 299 3912
3955 298 298 3912
3956 298 299 3773
3957 298 299 3773
3958 298 299 3775
3959 298 298 3775
3960 298 299 3820
3961 298 299 3820
3962 298 298 3822
3963 298 298 3822
3964 298 299 3663
3965 298 298 3663
3966 298 298 3867
3967 298 299 3867
3968 298 299 3788
3969 298 298 3788
3970 298 299 3876
3971 298 299 3876
3972 298 299 3676
3973 298 299 3676
3974 298 298 3931
3975 298 298 3931
3976 298 299 3931
3977 299 299 3730
3978 299 299 3730
3979 299 299 3886
3980 299 299 3886
3981 299 299 3946
3982 299 299 3946
3983 299 299 3945
3984 299 299 3945
3985 299 299 3801
3986 299 299 3801
3987 299 299 3619
3988 299 299 3619
3989 299 299 3893
3990 299 299 3893
3991 299 299 3806
3992 299 299 3806
3993 299 299 3949
3994 299 299 3949
3995 299 299 3857
3996 299 299 3857
3997 299 299 3520
3998 299 299 3520
3999 299 299 3860
4000 299 299 3860
4001 299 299 3589
4002 299 299 3589
4003 299 299 3911
4004 299 299 3911
4005 299 299 3962
4006 299 299 3962
4007 299 299 3959
4008 299 299 3959
4009 299 299 3911
4010 299 299 3917
4011 299 299 3917
4012 299 299 3826
4013 299 299 3826
4014 299 299 3666
4015 299 299 3666
4016 299 299 3826
4017 299 299 3229
4018 299 299 3229
4019 299 299 3873
4020 299 299 3873
4021 299 299 3974
4022 299 299 3974
4023 299 299 3927
4024 299 299 3927
4025 299 299 3975
4026 299 299 3975
4027 299 299 3927
4028 299 299 3974
4029 299 299 3937
4030 299 299 3937
4031 299 299 3937
4032 299 299 3932
4033 299 299 3932
