1 0 89 0
2 0 40 0
3 0 10 0
4 0 89 0
5 0 16 0
6 0 89 0
7 0 89 0
8 0 89 0
9 0 89 0
10 0 89 0
11 0 40 0
12 0 89 0
13 0 89 0
14 0 82 0
15 0 89 0
16 0 34 0
17 0 89 0
18 0 12 0
19 0 89 0
20 0 89 0
21 0 36 0
22 0 60 0
23 0 65 0
24 0 89 0
25 0 89 0
26 0 89 0
27 0 29 0
28 0 89 0
29 0 89 0
30 0 87 0
31 0 8 0
32 0 1 0
33 0 22 0
34 0 21 0
35 0 57 0
36 0 89 0
37 0 15 0
38 0 89 0
39 0 4 0
40 0 89 0
41 0 89 0
42 0 82 0
43 0 89 0
44 0 89 0
45 0 38 0
46 0 68 0
47 0 14 0
48 0 89 0
49 0 89 0
50 0 13 0
51 0 89 0
52 0 89 0
53 0 89 0
54 0 17 0
55 0 67 0
56 0 11 0
57 0 89 0
58 0 19 0
59 0 89 0
60 0 89 0
61 0 89 0
62 0 89 0
63 0 64 0
64 0 85 0
65 0 34 0
66 0 89 0
67 0 89 0
68 0 5 0
69 0 73 0
70 0 7 0
71 0 89 0
72 0 67 0
73 0 68 0
74 0 9 0
75 0 34 0
76 0 89 0
77 0 42 0
78 0 89 0
79 0 80 0
80 0 54 0
81 0 89 0
82 0 89 0
83 0 89 0
84 0 50 0
85 0 74 0
86 0 5 0
87 0 55 0
88 0 9 0
89 0 86 0
90 0 89 0
91 0 63 0
92 0 0 0
93 0 89 0
94 0 89 0
95 0 26 0
96 0 17 0
97 0 89 0
98 0 17 0
99 0 39 0
100 0 23 0
101 0 11 0
102 0 21 0
103 0 89 0
104 0 2 0
105 0 25 0
106 0 89 0
107 0 72 0
108 0 73 0
109 0 89 0
110 0 33 0
111 0 1 0
112 0 89 0
113 0 89 0
114 0 1 0
115 0 47 0
116 0 73 0
117 0 10 0
118 0 1 0
119 0 48 0
120 0 89 0
121 0 64 0
122 0 89 0
123 0 89 0
124 0 61 0
125 0 85 0
126 0 89 0
127 0 89 0
128 1 26 0
129 1 1 0
130 1 89 92
131 1 89 92
132 2 89 32
133 2 89 32
134 2 56 0
135 2 89 118
136 2 89 118
137 3 89 104
138 3 89 104
139 3 3 0
140 3 60 0
141 5 75 39
142 5 89 39
143 6 89 68
144 6 89 68
145 6 54 86
146 6 89 86
147 8 89 70
148 8 18 70
149 9 89 31
150 9 89 31
151 10 48 88
152 10 16 88
153 11 69 117
154 11 18 117
155 12 67 56
156 12 89 56
157 12 89 0
158 12 89 101
159 12 89 101
160 13 89 0
161 13 89 18
162 13 89 18
163 14 22 0
164 14 89 50
165 14 77 50
166 14 14 0
167 16 64 0
168 16 89 0
169 17 19 0
170 18 89 0
171 18 89 54
172 18 89 54
173 18 68 96
174 18 53 96
175 20 89 58
176 20 89 58
177 20 26 0
178 21 69 0
179 23 23 0
180 23 89 33
181 23 89 33
182 23 23 0
183 24 24 100
184 24 89 100
185 25 25 183
186 25 89 183
187 27 28 95
188 27 89 95
189 29 29 0
190 29 29 0
191 29 29 0
192 30 31 0
193 30 71 0
194 30 89 27
195 30 89 27
196 30 41 0
197 31 89 0
198 33 33 0
199 34 34 0
200 34 37 0
201 34 89 110
202 34 89 110
203 35 89 16
204 35 89 16
205 35 89 75
206 35 89 75
207 36 89 0
208 36 89 0
209 37 89 0
210 37 89 21
211 37 89 21
212 38 61 0
213 39 41 0
214 39 89 0
215 39 89 45
216 39 89 45
217 40 89 99
218 40 89 99
219 41 69 2
220 41 89 2
221 41 89 11
222 41 89 11
223 42 52 0
224 43 68 0
225 43 89 77
226 43 89 77
227 47 89 0
228 48 48 0
229 48 89 115
230 48 89 115
231 49 89 151
232 49 89 151
233 51 89 84
234 51 89 84
235 54 75 174
236 54 65 174
237 56 81 0
238 56 68 0
239 56 89 87
240 56 89 87
241 57 89 0
242 58 89 35
243 58 89 35
244 58 58 0
245 60 60 0
246 61 89 22
247 61 89 22
248 61 89 140
249 61 89 140
250 62 89 212
251 62 89 212
252 62 89 124
253 62 89 124
254 63 89 0
255 64 89 0
256 64 89 91
257 64 89 91
258 65 89 63
259 65 89 63
260 65 89 0
261 65 89 121
262 65 89 121
263 66 89 23
264 66 89 23
265 66 89 236
266 66 89 236
267 68 87 55
268 68 89 55
269 68 89 72
270 68 89 72
271 69 89 46
272 69 89 46
273 69 89 0
274 69 89 73
275 69 89 73
276 69 89 238
277 69 73 238
278 69 89 173
279 69 89 173
280 70 89 0
281 70 89 153
282 70 74 153
283 72 72 0
284 72 72 0
285 73 88 0
286 73 89 107
287 73 89 107
288 74 74 0
289 74 89 0
290 74 89 69
291 74 89 69
292 74 89 108
293 74 74 108
294 74 81 0
295 75 82 0
296 75 89 85
297 75 89 85
298 75 89 0
299 75 89 0
300 75 75 0
301 76 89 141
302 76 86 141
303 76 89 0
304 78 89 165
305 78 89 165
306 81 89 79
307 81 89 79
308 82 83 0
309 83 89 42
310 83 89 42
311 84 88 0
312 85 89 0
313 86 89 64
314 86 89 64
315 87 88 0
316 87 89 89
317 87 89 89
318 87 87 0
319 88 89 30
320 88 89 30
